time_s,phase,source_time_s,cube_x_m,cube_y_m,cube_z_m,cube_qx,cube_qy,cube_qz,cube_qw,relative_slip_m,orientation_drift_rad,raw_orientation_drift_rad,arm_q_error_rad,torque_saturation_proxy,penetration_m,candidate_contacts,truncated_contacts,solver_iterations,joint_q_0,joint_q_1,joint_q_2,joint_q_3,joint_q_4,joint_q_5,joint_q_6,joint_q_7,joint_q_8,left_Fn_N,left_Ft_N,left_rho,left_points,right_Fn_N,right_Ft_N,right_rho,right_points
0.0,approach,0.0,0.35,-0.15,0.019977704,0.0,0.0,0.0,1.0,0.0,0.0,0.0,0.00024261193346767062,0,0.0,256,0,-1,-0.0036802562,0.02409531,0.003680326,-2.3684695,-0.00013741477,2.3922188,0.7854916,0.03999999,0.040000007,0.0,0.0,nan,0,0.0,0.0,nan,0
0.01,approach,0.01,0.35,-0.15,0.019969821,0.0,0.0,0.0,1.0,0.0,0.0,0.0,0.0011367583091116003,0,0.0,256,0,-1,-0.0036800532,0.024818676,0.003680062,-2.3689928,-0.00015458421,2.3921707,0.7854912,0.03999999,0.040000003,0.0,0.0,nan,0,0.0,0.0,nan,0
0.02,approach,0.02,0.35,-0.15,0.019970564,0.0,0.0,0.0,1.0,0.0,0.0,0.0,0.0022340089356228674,0,0.0,256,0,-1,-0.0036797747,0.025713582,0.003679586,-2.369624,-0.0001694676,2.3921,0.7854913,0.03999999,0.040000003,0.0,0.0,nan,0,0.0,0.0,nan,0
0.03,approach,0.03,0.35,-0.15,0.019970577,0.0,0.0,0.0,1.0,0.0,0.0,0.0,0.003299732823646827,0,0.0,256,0,-1,-0.0036796366,0.02658614,0.0036789076,-2.3702316,-0.00018177874,2.3920279,0.78549147,0.03999999,0.040000003,0.0,0.0,nan,0,0.0,0.0,nan,0
0.04,approach,0.04,0.35,-0.15,0.01997057,0.0,0.0,0.0,1.0,0.0,0.0,0.0,0.00422656196048631,0,0.0,256,0,-1,-0.003679663,0.027346643,0.0036781237,-2.3707576,-0.00019170227,2.3919637,0.7854917,0.03999999,0.040000003,0.0,0.0,nan,0,0.0,0.0,nan,0
0.05,approach,0.05,0.35,-0.15,0.01997057,0.0,0.0,0.0,1.0,0.0,0.0,0.0,0.004980128102629097,0,0.0,256,0,-1,-0.0036798,0.027965713,0.0036773398,-2.371184,-0.0001995532,2.3919115,0.7854919,0.03999999,0.040000003,0.0,0.0,nan,0,0.0,0.0,nan,0
0.06,approach,0.06,0.35,-0.15,0.01997057,0.0,0.0,0.0,1.0,0.0,0.0,0.0,0.00556435210158514,0,0.0,256,0,-1,-0.0036799833,0.028445976,0.0036766334,-2.3715143,-0.00020567815,2.391871,0.785492,0.03999999,0.040000003,0.0,0.0,nan,0,0.0,0.0,nan,0
0.07,approach,0.07,0.35,-0.15,0.01997057,0.0,0.0,0.0,1.0,0.0,0.0,0.0,0.006000755482572467,0,0.0,256,0,-1,-0.0036801628,0.028804863,0.0036760466,-2.3717608,-0.00021040678,2.3918414,0.78549206,0.03999999,0.040000003,0.0,0.0,nan,0,0.0,0.0,nan,0
0.08,approach,0.08,0.35,-0.15,0.01997057,0.0,0.0,0.0,1.0,0.0,0.0,0.0,0.006316776174254882,0,0.0,256,0,-1,-0.00368031,0.02906474,0.0036755914,-2.3719394,-0.00021402937,2.3918204,0.78549206,0.03999999,0.040000003,0.0,0.0,nan,0,0.0,0.0,nan,0
0.09,approach,0.09,0.35,-0.15,0.01997057,0.0,0.0,0.0,1.0,0.0,0.0,0.0,0.006539321477852736,0,0.0,256,0,-1,-0.0036804131,0.029247688,0.0036752606,-2.3720653,-0.00021678994,2.3918061,0.78549206,0.03999999,0.040000003,0.0,0.0,nan,0,0.0,0.0,nan,0
0.1,approach,0.1,0.35,-0.15,0.01997057,0.0,0.0,0.0,1.0,0.0,0.0,0.0,0.006691856280143053,0,0.0,256,0,-1,-0.0036804727,0.029373083,0.003675036,-2.3721516,-0.00021888659,2.3917966,0.78549206,0.03999999,0.040000003,0.0,0.0,nan,0,0.0,0.0,nan,0
0.11,approach,0.11,0.35,-0.15,0.01997057,0.0,0.0,0.0,1.0,0.0,0.0,0.0,0.006793804522625005,0,0.0,256,0,-1,-0.0036804955,0.029456746,0.0036748953,-2.3722095,-0.00022047633,2.3917906,0.78549206,0.03999999,0.040000003,0.0,0.0,nan,0,0.0,0.0,nan,0
0.12,approach,0.12,0.35,-0.15,0.01997057,0.0,0.0,0.0,1.0,0.0,0.0,0.0,0.006859944688078586,0,0.0,256,0,-1,-0.003680491,0.029511003,0.0036748168,-2.3722472,-0.0002216818,2.3917873,0.78549206,0.03999999,0.040000003,0.0,0.0,nan,0,0.0,0.0,nan,0
0.13,approach,0.13,0.35,-0.15,0.01997057,0.0,0.0,0.0,1.0,0.0,0.0,0.0,0.006901578203158063,0,0.0,256,0,-1,-0.0036804683,0.029545078,0.0036747816,-2.372271,-0.00022259672,2.3917854,0.78549206,0.03999999,0.040000003,0.0,0.0,nan,0,0.0,0.0,nan,0
0.14,approach,0.14,0.35,-0.15,0.01997057,0.0,0.0,0.0,1.0,0.0,0.0,0.0,0.006926652774330466,0,0.0,256,0,-1,-0.003680436,0.02956567,0.0036747742,-2.3722854,-0.00022329265,2.3917847,0.785492,0.03999999,0.040000003,0.0,0.0,nan,0,0.0,0.0,nan,0
0.15,approach,0.15,0.35,-0.15,0.01997057,0.0,0.0,0.0,1.0,0.0,0.0,0.0,0.006941119605736357,0,0.0,256,0,-1,-0.0036803996,0.029577497,0.003674783,-2.3722937,-0.00022382349,2.3917844,0.785492,0.03999999,0.040000003,0.0,0.0,nan,0,0.0,0.0,nan,0
0.16,approach,0.16,0.35,-0.15,0.01997057,0.0,0.0,0.0,1.0,0.0,0.0,0.0,0.0069488840019546385,0,0.0,256,0,-1,-0.0036803638,0.029583817,0.0036748003,-2.3722982,-0.00022422992,2.3917844,0.785492,0.03999999,0.040000003,0.0,0.0,nan,0,0.0,0.0,nan,0
0.17,approach,0.17,0.35,-0.15,0.01997057,0.0,0.0,0.0,1.0,0.0,0.0,0.0,0.00695266482488796,0,0.0,256,0,-1,-0.0036803307,0.029586805,0.0036748205,-2.3723006,-0.00022454238,2.391785,0.785492,0.03999999,0.040000003,0.0,0.0,nan,0,0.0,0.0,nan,0
0.18,approach,0.18,0.35,-0.15,0.01997057,0.0,0.0,0.0,1.0,0.0,0.0,0.0,0.006954059248449298,0,0.0,256,0,-1,-0.003680302,0.029587876,0.0036748403,-2.3723016,-0.0002247836,2.3917854,0.785492,0.03999999,0.040000003,0.0,0.0,nan,0,0.0,0.0,nan,0
0.19,approach,0.19,0.35,-0.15,0.01997057,0.0,0.0,0.0,1.0,0.0,0.0,0.0,0.006954200060310019,0,0.0,256,0,-1,-0.003680278,0.029587915,0.0036748582,-2.3723018,-0.00022497037,2.3917859,0.785492,0.03999999,0.040000003,0.0,0.0,nan,0,0.0,0.0,nan,0
0.2,approach,0.2,0.35,-0.15,0.01997057,0.0,0.0,0.0,1.0,0.0,0.0,0.0,0.0069538003564998665,0,0.0,256,0,-1,-0.003680259,0.02958746,0.003674873,-2.3723018,-0.00022511558,2.3917863,0.78549194,0.03999999,0.040000003,0.0,0.0,nan,0,0.0,0.0,nan,0
0.21,approach,0.21,0.35,-0.15,0.01997057,0.0,0.0,0.0,1.0,0.0,0.0,0.0,0.006953012825595382,0,0.0,256,0,-1,-0.003680244,0.02958683,0.0036748848,-2.3723013,-0.00022522891,2.3917863,0.78549194,0.03999999,0.040000003,0.0,0.0,nan,0,0.0,0.0,nan,0
0.22,approach,0.22,0.35,-0.15,0.01997057,0.0,0.0,0.0,1.0,0.0,0.0,0.0,0.006952209726675477,0,0.0,256,0,-1,-0.003680233,0.02958618,0.0036748939,-2.3723009,-0.00022531743,2.3917863,0.78549194,0.03999999,0.040000003,0.0,0.0,nan,0,0.0,0.0,nan,0
0.23,approach,0.23,0.35,-0.15,0.01997057,0.0,0.0,0.0,1.0,0.0,0.0,0.0,0.006951444637192597,0,0.0,256,0,-1,-0.0036802248,0.029585594,0.0036749004,-2.3723004,-0.0002253868,2.3917866,0.78549194,0.03999999,0.040000003,0.0,0.0,nan,0,0.0,0.0,nan,0
0.24,approach,0.24,0.35,-0.15,0.01997057,0.0,0.0,0.0,1.0,0.0,0.0,0.0,0.006951049415432885,0,0.0,256,0,-1,-0.0036802192,0.02958511,0.0036749048,-2.3723004,-0.0002254414,2.3917866,0.78549194,0.03999999,0.040000003,0.0,0.0,nan,0,0.0,0.0,nan,0
0.25,approach,0.25,0.35,-0.15,0.01997057,0.0,0.0,0.0,1.0,0.0,0.0,0.0,0.006950746946783942,0,0.0,256,0,-1,-0.0036802152,0.02958474,0.0036749078,-2.3723004,-0.00022548462,2.3917866,0.78549194,0.03999999,0.040000003,0.0,0.0,nan,0,0.0,0.0,nan,0
0.26,approach,0.26,0.35,-0.15,0.01997057,0.0,0.0,0.0,1.0,0.0,0.0,0.0,0.006950523549157195,0,0.0,256,0,-1,-0.0036802124,0.029584466,0.00367491,-2.3723004,-0.00022551867,2.3917866,0.78549194,0.03999999,0.040000003,0.0,0.0,nan,0,0.0,0.0,nan,0
0.27,approach,0.27,0.35,-0.15,0.01997057,0.0,0.0,0.0,1.0,0.0,0.0,0.0,0.006950360970849484,0,0.0,256,0,-1,-0.0036802108,0.029584266,0.003674911,-2.3723004,-0.00022554549,2.3917866,0.78549194,0.03999999,0.040000003,0.0,0.0,nan,0,0.0,0.0,nan,0
0.28,approach,0.28,0.35,-0.15,0.01997057,0.0,0.0,0.0,1.0,0.0,0.0,0.0,0.006950244001770928,0,0.0,256,0,-1,-0.0036802096,0.029584123,0.0036749118,-2.3723004,-0.0002255666,2.3917866,0.78549194,0.03999999,0.040000003,0.0,0.0,nan,0,0.0,0.0,nan,0
0.29,approach,0.29,0.35,-0.15,0.01997057,0.0,0.0,0.0,1.0,0.0,0.0,0.0,0.006950160474592458,0,0.0,256,0,-1,-0.003680209,0.02958402,0.003674912,-2.3723004,-0.00022558322,2.3917866,0.78549194,0.03999999,0.040000003,0.0,0.0,nan,0,0.0,0.0,nan,0
0.3,approach,0.3,0.35,-0.15,0.01997057,0.0,0.0,0.0,1.0,0.0,0.0,0.0,0.006950102787753457,0,0.0,256,0,-1,-0.0036802087,0.02958395,0.003674912,-2.3723004,-0.00022559632,2.3917866,0.78549194,0.03999999,0.040000003,0.0,0.0,nan,0,0.0,0.0,nan,0
0.31,approach,0.31,0.35,-0.15,0.01997057,0.0,0.0,0.0,1.0,0.0,0.0,0.0,0.006950061813933899,0,0.0,256,0,-1,-0.0036802087,0.0295839,0.003674912,-2.3723004,-0.00022560664,2.3917866,0.78549194,0.03999999,0.040000003,0.0,0.0,nan,0,0.0,0.0,nan,0
0.32,approach,0.32,0.35,-0.15,0.01997057,0.0,0.0,0.0,1.0,0.0,0.0,0.0,0.006950034515727175,0,0.0,256,0,-1,-0.0036802087,0.029583866,0.0036749116,-2.3723004,-0.00022561476,2.3917866,0.78549194,0.03999999,0.040000003,0.0,0.0,nan,0,0.0,0.0,nan,0
0.33,approach,0.33,0.35,-0.15,0.01997057,0.0,0.0,0.0,1.0,0.0,0.0,0.0,0.006950014807968366,0,0.0,256,0,-1,-0.0036802087,0.029583842,0.003674911,-2.3723004,-0.00022562116,2.3917866,0.78549194,0.03999999,0.040000003,0.0,0.0,nan,0,0.0,0.0,nan,0
0.34,approach,0.34,0.35,-0.15,0.01997057,0.0,0.0,0.0,1.0,0.0,0.0,0.0,0.006950001172440884,0,0.0,256,0,-1,-0.003680209,0.029583825,0.0036749109,-2.3723004,-0.0002256262,2.3917866,0.78549194,0.03999999,0.040000003,0.0,0.0,nan,0,0.0,0.0,nan,0
0.35000000000000003,approach,0.35000000000000003,0.35,-0.15,0.01997057,0.0,0.0,0.0,1.0,0.0,0.0,0.0,0.006949992090322347,0,0.0,256,0,-1,-0.003680209,0.029583814,0.0036749109,-2.3723004,-0.00022563015,2.3917866,0.78549194,0.03999999,0.040000003,0.0,0.0,nan,0,0.0,0.0,nan,0
0.36,approach,0.36,0.35,-0.15,0.01997057,0.0,0.0,0.0,1.0,0.0,0.0,0.0,0.006949986041773906,0,0.0,256,0,-1,-0.003680209,0.029583806,0.0036749109,-2.3723004,-0.00022563324,2.3917866,0.78549194,0.03999999,0.040000003,0.0,0.0,nan,0,0.0,0.0,nan,0
0.37,approach,0.37,0.35,-0.15,0.01997057,0.0,0.0,0.0,1.0,0.0,0.0,0.0,0.006949983029801671,0,0.0,256,0,-1,-0.0036802092,0.029583802,0.0036749106,-2.3723004,-0.00022563565,2.3917866,0.78549194,0.03999999,0.040000003,0.0,0.0,nan,0,0.0,0.0,nan,0
0.38,approach,0.38,0.35,-0.15,0.01997057,0.0,0.0,0.0,1.0,0.0,0.0,0.0,0.006949980011992362,0,0.0,256,0,-1,-0.0036802092,0.029583799,0.0036749106,-2.3723004,-0.00022563766,2.3917866,0.78549194,0.03999999,0.040000003,0.0,0.0,nan,0,0.0,0.0,nan,0
0.39,approach,0.39,0.35,-0.15,0.01997057,0.0,0.0,0.0,1.0,0.0,0.0,0.0,0.0069499769877220275,0,0.0,256,0,-1,-0.0036802092,0.029583795,0.0036749106,-2.3723004,-0.0002256392,2.3917866,0.78549194,0.03999999,0.040000003,0.0,0.0,nan,0,0.0,0.0,nan,0
0.4,approach,0.4,0.35,-0.15,0.01997057,0.0,0.0,0.0,1.0,0.0,0.0,0.0,0.006949973959009837,0,0.0,256,0,-1,-0.0036802092,0.029583791,0.0036749106,-2.3723004,-0.00022564043,2.3917866,0.78549194,0.03999999,0.040000003,0.0,0.0,nan,0,0.0,0.0,nan,0
0.41000000000000003,approach,0.41000000000000003,0.35,-0.15,0.01997057,0.0,0.0,0.0,1.0,0.0,0.0,0.0,0.008344814926042278,0,0.0,256,0,-1,-0.0037717598,0.029344583,0.0035945722,-2.3725386,-0.00027816935,2.391474,0.7854911,0.03999875,0.04000099,0.0,0.0,nan,0,0.0,0.0,nan,0
0.42,approach,0.42,0.35,-0.15,0.01997057,0.0,0.0,0.0,1.0,0.0,0.0,0.0,0.010333944092889022,0,0.0,256,0,-1,-0.004056127,0.028715974,0.0033371048,-2.3731422,-0.0003929513,2.3907738,0.78549033,0.03999666,0.04000233,0.0,0.0,nan,0,0.0,0.0,nan,0
0.43,approach,0.43,0.35,-0.15,0.01997057,0.0,0.0,0.0,1.0,0.0,0.0,0.0,0.01218145194691826,0,0.0,256,0,-1,-0.0045570997,0.027734281,0.0028770184,-2.3740458,-0.0005551343,2.389765,0.7854898,0.03999471,0.04000323,0.0,0.0,nan,0,0.0,0.0,nan,0
0.44,approach,0.44,0.35,-0.15,0.01997057,0.0,0.0,0.0,1.0,0.0,0.0,0.0,0.013711445466511266,0,0.0,256,0,-1,-0.0052612373,0.026461203,0.0022255266,-2.3751776,-0.0007533357,2.3885145,0.7854895,0.03999334,0.040003538,0.0,0.0,nan,0,0.0,0.0,nan,0
0.45,approach,0.45,0.35,-0.15,0.01997057,0.0,0.0,0.0,1.0,0.0,0.0,0.0,0.014921652215002046,0,0.0,256,0,-1,-0.0061389715,0.024955356,0.00140999,-2.376482,-0.0009792696,2.3870747,0.78548944,0.03999264,0.040003397,0.0,0.0,nan,0,0.0,0.0,nan,0
0.46,approach,0.46,0.35,-0.15,0.01997057,0.0,0.0,0.0,1.0,0.0,0.0,0.0,0.015856474516775288,0,0.0,256,0,-1,-0.007156366,0.02326692,0.0004623601,-2.3779185,-0.0012268485,2.3854864,0.7854895,0.03999253,0.040002987,0.0,0.0,nan,0,0.0,0.0,nan,0
0.47000000000000003,approach,0.47000000000000003,0.35,-0.15,0.01997057,0.0,0.0,0.0,1.0,0.0,0.0,0.0,0.01656838051628181,0,0.0,256,0,-1,-0.008281245,0.021437086,-0.00058687275,-2.379457,-0.0014915142,2.3837812,0.7854896,0.039992858,0.04000247,0.0,0.0,nan,0,0.0,0.0,nan,0
0.48,approach,0.48,0.35,-0.15,0.01997057,0.0,0.0,0.0,1.0,0.0,0.0,0.0,0.017105765446633125,0,0.0,256,0,-1,-0.009485942,0.019498823,-0.0017114179,-2.3810756,-0.0017697846,2.3819847,0.7854898,0.03999347,0.04000194,0.0,0.0,nan,0,0.0,0.0,nan,0
0.49,approach,0.49,0.35,-0.15,0.01997057,0.0,0.0,0.0,1.0,0.0,0.0,0.0,0.017508768059870318,0,0.0,256,0,-1,-0.010748113,0.017478047,-0.002890021,-2.3827572,-0.0020589505,2.3801157,0.78549,0.039994232,0.040001467,0.0,0.0,nan,0,0.0,0.0,nan,0
0.5,approach,0.5,0.35,-0.15,0.01997057,0.0,0.0,0.0,1.0,0.0,0.0,0.0,0.017809782180124235,0,0.0,256,0,-1,-0.012050514,0.015394816,-0.004106289,-2.3844888,-0.0023568703,2.37819,0.78549016,0.03999505,0.04000107,0.0,0.0,nan,0,0.0,0.0,nan,0
0.51,approach,0.51,0.35,-0.15,0.01997057,0.0,0.0,0.0,1.0,0.0,0.0,0.0,0.018033848583918783,0,0.0,256,0,-1,-0.013380325,0.01326451,-0.0053480444,-2.3862603,-0.0026618335,2.3762195,0.7854903,0.03999585,0.04000075,0.0,0.0,nan,0,0.0,0.0,nan,0
0.52,approach,0.52,0.35,-0.15,0.01997057,0.0,0.0,0.0,1.0,0.0,0.0,0.0,0.018200197756015116,0,0.0,256,0,-1,-0.014728304,0.011098808,-0.006606535,-2.3880632,-0.0029724624,2.3742137,0.7854904,0.03999659,0.04000051,0.0,0.0,nan,0,0.0,0.0,nan,0
0.53,approach,0.53,0.35,-0.15,0.01997057,0.0,0.0,0.0,1.0,0.0,0.0,0.0,0.018323253886623567,0,0.0,256,0,-1,-0.016087981,0.008906512,-0.007875656,-2.3898911,-0.0032876432,2.37218,0.7854905,0.039997246,0.04000033,0.0,0.0,nan,0,0.0,0.0,nan,0
0.54,approach,0.54,0.35,-0.15,0.01997057,0.0,0.0,0.0,1.0,0.0,0.0,0.0,0.01841385298717573,0,0.0,256,0,-1,-0.017454948,0.006694232,-0.0091512725,-2.3917391,-0.0036064738,2.3701243,0.78549063,0.039997812,0.0400002,0.0,0.0,nan,0,0.0,0.0,nan,0
0.55,approach,0.55,0.35,-0.15,0.01997057,0.0,0.0,0.0,1.0,0.0,0.0,0.0,0.018480166763929957,0,0.0,256,0,-1,-0.01882629,0.004466928,-0.010430668,-2.3936028,-0.0039282246,2.3680515,0.78549075,0.039998285,0.04000011,0.0,0.0,nan,0,0.0,0.0,nan,0
0.56,approach,0.56,0.35,-0.15,0.01997057,0.0,0.0,0.0,1.0,0.0,0.0,0.0,0.018528078964535625,0,0.0,256,0,-1,-0.020200124,0.0022282982,-0.011712117,-2.395479,-0.004252305,2.365965,0.7854909,0.039998677,0.04000005,0.0,0.0,nan,0,0.0,0.0,nan,0
0.5700000000000001,approach,0.5700000000000001,0.35,-0.15,0.01997057,0.0,0.0,0.0,1.0,0.0,0.0,0.0,0.01856229901189674,0,0.0,256,0,-1,-0.021575289,-1.8897088e-05,-0.012994565,-2.3973646,-0.0045782393,2.3638678,0.78549093,0.039998993,0.040000014,0.0,0.0,nan,0,0.0,0.0,nan,0
0.58,approach,0.58,0.35,-0.15,0.01997057,0.0,0.0,0.0,1.0,0.0,0.0,0.0,0.01858596949275368,0,0.0,256,0,-1,-0.022951087,-0.0022725894,-0.014277399,-2.399258,-0.004905646,2.361762,0.78549093,0.039999247,0.039999988,0.0,0.0,nan,0,0.0,0.0,nan,0
0.59,approach,0.59,0.35,-0.15,0.01997057,0.0,0.0,0.0,1.0,0.0,0.0,0.0,0.018601592048101835,0,0.0,256,0,-1,-0.02432712,-0.0045312233,-0.015560286,-2.4011574,-0.005234219,2.3596497,0.78549093,0.039999444,0.039999966,0.0,0.0,nan,0,0.0,0.0,nan,0
0.6,approach,0.6,0.35,-0.15,0.01997057,0.0,0.0,0.0,1.0,0.0,0.0,0.0,0.018611224041886303,0,0.0,256,0,-1,-0.02570318,-0.006793625,-0.016843067,-2.4030614,-0.0055637136,2.3575323,0.78549093,0.0399996,0.03999995,0.0,0.0,nan,0,0.0,0.0,nan,0
0.61,approach,0.61,0.35,-0.15,0.01997057,0.0,0.0,0.0,1.0,0.0,0.0,0.0,0.018616144397852114,0,0.0,256,0,-1,-0.02707917,-0.009058918,-0.018125681,-2.4049692,-0.005893935,2.3554108,0.78549093,0.03999972,0.03999994,0.0,0.0,nan,0,0.0,0.0,nan,0
0.62,approach,0.62,0.35,-0.15,0.01997057,0.0,0.0,0.0,1.0,0.0,0.0,0.0,0.01861732666144756,0,0.0,256,0,-1,-0.028455058,-0.011326431,-0.019408122,-2.4068797,-0.0062247296,2.3532858,0.78549093,0.03999981,0.039999932,0.0,0.0,nan,0,0.0,0.0,nan,0
0.63,approach,0.63,0.35,-0.15,0.01997057,0.0,0.0,0.0,1.0,0.0,0.0,0.0,0.018615770638005135,0,0.0,256,0,-1,-0.02983084,-0.013595662,-0.02069041,-2.4087923,-0.006555975,2.3511584,0.78549093,0.03999988,0.03999993,0.0,0.0,nan,0,0.0,0.0,nan,0
0.64,approach,0.64,0.35,-0.15,0.01997057,0.0,0.0,0.0,1.0,0.0,0.0,0.0,0.018612024839116385,0,0.0,256,0,-1,-0.031206528,-0.01586622,-0.021972572,-2.4107068,-0.006887574,2.349029,0.78549093,0.03999993,0.03999993,0.0,0.0,nan,0,0.0,0.0,nan,0
0.65,approach,0.65,0.35,-0.15,0.01997057,0.0,0.0,0.0,1.0,0.0,0.0,0.0,0.01860665773783336,0,0.0,256,0,-1,-0.032582145,-0.018137805,-0.023254646,-2.4126225,-0.0072194515,2.3468983,0.78549093,0.03999997,0.03999993,0.0,0.0,nan,0,0.0,0.0,nan,0
0.66,approach,0.66,0.35,-0.15,0.01997057,0.0,0.0,0.0,1.0,0.0,0.0,0.0,0.01859987797111291,0,0.0,256,0,-1,-0.033957705,-0.020410199,-0.024536656,-2.414539,-0.0075515467,2.3447661,0.78549093,0.039999995,0.039999932,0.0,0.0,nan,0,0.0,0.0,nan,0
0.67,approach,0.67,0.35,-0.15,0.01997057,0.0,0.0,0.0,1.0,0.0,0.0,0.0,0.018592025494313883,0,0.0,256,0,-1,-0.035333227,-0.022683216,-0.025818627,-2.4164567,-0.007883813,2.342633,0.78549093,0.040000014,0.03999994,0.0,0.0,nan,0,0.0,0.0,nan,0
0.68,approach,0.68,0.35,-0.15,0.01997057,0.0,0.0,0.0,1.0,0.0,0.0,0.0,0.01858335344739574,0,0.0,256,0,-1,-0.036708724,-0.024956718,-0.027100578,-2.418375,-0.008216213,2.3404992,0.78549093,0.04000002,0.039999947,0.0,0.0,nan,0,0.0,0.0,nan,0
0.6900000000000001,approach,0.6900000000000001,0.35,-0.15,0.01997057,0.0,0.0,0.0,1.0,0.0,0.0,0.0,0.0185740875202184,0,0.0,256,0,-1,-0.0380842,-0.027230602,-0.028382525,-2.4202938,-0.008548719,2.3383648,0.78549093,0.04000002,0.039999954,0.0,0.0,nan,0,0.0,0.0,nan,0
0.7000000000000001,approach,0.7000000000000001,0.35,-0.15,0.01997057,0.0,0.0,0.0,1.0,0.0,0.0,0.0,0.018564333922227193,0,0.0,256,0,-1,-0.039459668,-0.029504787,-0.029664477,-2.4222128,-0.008881306,2.33623,0.78549093,0.04000002,0.03999996,0.0,0.0,nan,0,0.0,0.0,nan,0
0.71,approach,0.71,0.35,-0.15,0.01997057,0.0,0.0,0.0,1.0,0.0,0.0,0.0,0.01855413553080561,0,0.0,256,0,-1,-0.04083513,-0.031779215,-0.030946443,-2.424132,-0.009213957,2.3340948,0.78549093,0.04000002,0.03999997,0.0,0.0,nan,0,0.0,0.0,nan,0
0.72,approach,0.72,0.35,-0.15,0.01997057,0.0,0.0,0.0,1.0,0.0,0.0,0.0,0.01854362988211825,0,0.0,256,0,-1,-0.04221059,-0.03405384,-0.03222843,-2.4260516,-0.009546658,2.3319592,0.78549093,0.04000002,0.039999977,0.0,0.0,nan,0,0.0,0.0,nan,0
0.73,approach,0.73,0.35,-0.15,0.01997057,0.0,0.0,0.0,1.0,0.0,0.0,0.0,0.01853285686197887,0,0.0,256,0,-1,-0.04358605,-0.03632861,-0.033510435,-2.4279714,-0.009879398,2.3298235,0.78549093,0.040000018,0.039999984,0.0,0.0,nan,0,0.0,0.0,nan,0
0.74,approach,0.74,0.35,-0.15,0.01997057,0.0,0.0,0.0,1.0,0.0,0.0,0.0,0.018521983092613836,0,0.0,256,0,-1,-0.04496151,-0.038603507,-0.034792464,-2.429891,-0.01021217,2.3276877,0.78549093,0.040000014,0.039999988,0.0,0.0,nan,0,0.0,0.0,nan,0
0.75,approach,0.75,0.35,-0.15,0.01997057,0.0,0.0,0.0,1.0,0.0,0.0,0.0,0.01851081803254704,0,0.0,256,0,-1,-0.046336967,-0.040878505,-0.036074523,-2.4318109,-0.010544965,2.3255515,0.78549093,0.040000014,0.039999995,0.0,0.0,nan,0,0.0,0.0,nan,0
0.76,approach,0.76,0.35,-0.15,0.01997057,0.0,0.0,0.0,1.0,0.0,0.0,0.0,0.01849958759319334,0,0.0,256,0,-1,-0.047712427,-0.043153584,-0.037356604,-2.4337306,-0.010877779,2.3234153,0.7854909,0.040000014,0.04,0.0,0.0,nan,0,0.0,0.0,nan,0
0.77,approach,0.77,0.35,-0.15,0.01997057,0.0,0.0,0.0,1.0,0.0,0.0,0.0,0.018488202850445192,0,0.0,256,0,-1,-0.049087886,-0.045428734,-0.038638715,-2.4356508,-0.011210607,2.321279,0.7854909,0.04000001,0.04,0.0,0.0,nan,0,0.0,0.0,nan,0
0.78,approach,0.78,0.35,-0.15,0.01997057,0.0,0.0,0.0,1.0,0.0,0.0,0.0,0.018476779980869804,0,0.0,256,0,-1,-0.050463345,-0.04770393,-0.039920855,-2.437571,-0.011543447,2.3191428,0.7854908,0.04000001,0.040000003,0.0,0.0,nan,0,0.0,0.0,nan,0
0.79,approach,0.79,0.35,-0.15,0.01997057,0.0,0.0,0.0,1.0,0.0,0.0,0.0,0.01846532268544739,0,0.0,256,0,-1,-0.05183881,-0.04997916,-0.041203026,-2.4394913,-0.011876296,2.3170066,0.78549075,0.040000007,0.040000003,0.0,0.0,nan,0,0.0,0.0,nan,0
0.8,approach,0.8,0.35,-0.15,0.01997057,0.0,0.0,0.0,1.0,0.0,0.0,0.0,0.018453830575357464,0,0.0,256,0,-1,-0.053214278,-0.052254435,-0.042485226,-2.4414115,-0.012209151,2.3148704,0.78549075,0.040000007,0.040000003,0.0,0.0,nan,0,0.0,0.0,nan,0
0.81,approach,0.81,0.35,-0.15,0.01997057,0.0,0.0,0.0,1.0,0.0,0.0,0.0,0.018442306631218836,0,0.0,256,0,-1,-0.054589745,-0.054529745,-0.043767456,-2.4433317,-0.01254201,2.3127341,0.78549075,0.040000007,0.040000003,0.0,0.0,nan,0,0.0,0.0,nan,0
0.8200000000000001,approach,0.8200000000000001,0.35,-0.15,0.01997057,0.0,0.0,0.0,1.0,0.0,0.0,0.0,0.018430651433964787,0,0.0,256,0,-1,-0.05596521,-0.056805085,-0.045049716,-2.445252,-0.012874874,2.3105977,0.7854907,0.040000007,0.040000007,0.0,0.0,nan,0,0.0,0.0,nan,0
0.8300000000000001,approach,0.8300000000000001,0.35,-0.15,0.01997057,0.0,0.0,0.0,1.0,0.0,0.0,0.0,0.018418865206859935,0,0.0,256,0,-1,-0.057340674,-0.05908046,-0.046331998,-2.4471722,-0.013207741,2.308461,0.78549063,0.040000003,0.040000007,0.0,0.0,nan,0,0.0,0.0,nan,0
0.84,approach,0.84,0.35,-0.15,0.01997057,0.0,0.0,0.0,1.0,0.0,0.0,0.0,0.018407161033114124,0,0.0,256,0,-1,-0.058716137,-0.06135586,-0.04761431,-2.4490924,-0.013540611,2.3063245,0.7854906,0.040000003,0.040000007,0.0,0.0,nan,0,0.0,0.0,nan,0
0.85,approach,0.85,0.35,-0.15,0.01997057,0.0,0.0,0.0,1.0,0.0,0.0,0.0,0.01839548479271997,0,0.0,256,0,-1,-0.0600916,-0.06363128,-0.04889665,-2.4510124,-0.013873482,2.304188,0.7854906,0.040000003,0.040000007,0.0,0.0,nan,0,0.0,0.0,nan,0
0.86,approach,0.86,0.35,-0.15,0.01997057,0.0,0.0,0.0,1.0,0.0,0.0,0.0,0.01838373354756998,0,0.0,256,0,-1,-0.061467066,-0.06590673,-0.050179023,-2.4529326,-0.014206354,2.3020515,0.7854906,0.040000003,0.04000001,0.0,0.0,nan,0,0.0,0.0,nan,0
0.87,approach,0.87,0.35,-0.15,0.01997057,0.0,0.0,0.0,1.0,0.0,0.0,0.0,0.018371973687341173,0,0.0,256,0,-1,-0.06284253,-0.06818219,-0.051461425,-2.4548528,-0.014539226,2.299915,0.7854905,0.040000003,0.04000001,0.0,0.0,nan,0,0.0,0.0,nan,0
0.88,approach,0.88,0.35,-0.15,0.01997057,0.0,0.0,0.0,1.0,0.0,0.0,0.0,0.018360247703965844,0,0.0,256,0,-1,-0.064218,-0.07045767,-0.052743856,-2.4567728,-0.014872099,2.2977786,0.78549045,0.040000003,0.04000001,0.0,0.0,nan,0,0.0,0.0,nan,0
0.89,approach,0.89,0.35,-0.15,0.01997057,0.0,0.0,0.0,1.0,0.0,0.0,0.0,0.018348349856504607,0,0.0,256,0,-1,-0.065593466,-0.072733164,-0.05402631,-2.458693,-0.015204973,2.295642,0.78549045,0.040000003,0.04000001,0.0,0.0,nan,0,0.0,0.0,nan,0
0.9,approach,0.9,0.35,-0.15,0.01997057,0.0,0.0,0.0,1.0,0.0,0.0,0.0,0.018336537687430914,0,0.0,256,0,-1,-0.06696893,-0.07500868,-0.055308793,-2.4606133,-0.015537846,2.2935054,0.78549045,0.04,0.04000001,0.0,0.0,nan,0,0.0,0.0,nan,0
0.91,approach,0.91,0.35,-0.15,0.01997057,0.0,0.0,0.0,1.0,0.0,0.0,0.0,0.01832465366023501,0,0.0,256,0,-1,-0.0683444,-0.07728422,-0.056591306,-2.4625332,-0.01587072,2.2913687,0.7854904,0.04,0.04000001,0.0,0.0,nan,0,0.0,0.0,nan,0
0.92,approach,0.92,0.35,-0.15,0.01997057,0.0,0.0,0.0,1.0,0.0,0.0,0.0,0.018312924678709503,0,0.0,256,0,-1,-0.069719866,-0.07955976,-0.05787385,-2.4644535,-0.016203593,2.2892325,0.78549033,0.04,0.04000001,0.0,0.0,nan,0,0.0,0.0,nan,0
0.93,approach,0.93,0.35,-0.15,0.01997057,0.0,0.0,0.0,1.0,0.0,0.0,0.0,0.01830112724114294,0,0.0,256,0,-1,-0.071095325,-0.081835315,-0.059156418,-2.4663734,-0.016536467,2.287096,0.78549033,0.04,0.04000001,0.0,0.0,nan,0,0.0,0.0,nan,0
0.9400000000000001,approach,0.9400000000000001,0.35,-0.15,0.01997057,0.0,0.0,0.0,1.0,0.0,0.0,0.0,0.018289154236359045,0,0.0,256,0,-1,-0.07247079,-0.08411089,-0.060439013,-2.4682937,-0.01686934,2.2849593,0.78549033,0.04,0.04000001,0.0,0.0,nan,0,0.0,0.0,nan,0
0.9500000000000001,approach,0.9500000000000001,0.35,-0.15,0.01997057,0.0,0.0,0.0,1.0,0.0,0.0,0.0,0.0182772775729232,0,0.0,256,0,-1,-0.07384624,-0.08638649,-0.061721638,-2.470214,-0.017202213,2.2828228,0.7854903,0.04,0.04000001,0.0,0.0,nan,0,0.0,0.0,nan,0
0.96,approach,0.96,0.35,-0.15,0.01997057,0.0,0.0,0.0,1.0,0.0,0.0,0.0,0.018265436456199456,0,0.0,256,0,-1,-0.07522171,-0.08866209,-0.06300429,-2.4721339,-0.017535087,2.2806864,0.7854902,0.04,0.04000001,0.0,0.0,nan,0,0.0,0.0,nan,0
0.97,approach,0.97,0.35,-0.15,0.01997057,0.0,0.0,0.0,1.0,0.0,0.0,0.0,0.01825353135216644,0,0.0,256,0,-1,-0.07659717,-0.09093771,-0.06428697,-2.474054,-0.01786796,2.27855,0.7854902,0.04,0.04000001,0.0,0.0,nan,0,0.0,0.0,nan,0
0.98,approach,0.98,0.35,-0.15,0.01997057,0.0,0.0,0.0,1.0,0.0,0.0,0.0,0.018241660499619953,0,0.0,256,0,-1,-0.077972636,-0.09321335,-0.06556967,-2.475974,-0.018200833,2.2764134,0.78549016,0.04,0.04000001,0.0,0.0,nan,0,0.0,0.0,nan,0
0.99,approach,0.99,0.35,-0.15,0.01997057,0.0,0.0,0.0,1.0,0.0,0.0,0.0,0.018229725805232785,0,0.0,256,0,-1,-0.07934809,-0.09548901,-0.0668524,-2.4778943,-0.018533707,2.274277,0.78549016,0.04,0.04000001,0.0,0.0,nan,0,0.0,0.0,nan,0
1.0,approach,1.0,0.35,-0.15,0.01997057,0.0,0.0,0.0,1.0,0.0,0.0,0.0,0.018217679731459144,0,0.0,256,0,-1,-0.08072355,-0.09776467,-0.06813516,-2.4798145,-0.018866578,2.2721403,0.7854901,0.04,0.04000001,0.0,0.0,nan,0,0.0,0.0,nan,0
1.01,approach,1.01,0.35,-0.15,0.01997057,0.0,0.0,0.0,1.0,0.0,0.0,0.0,0.0182057725777925,0,0.0,256,0,-1,-0.08209901,-0.10004035,-0.069417946,-2.4817345,-0.019199448,2.2700038,0.78549004,0.04,0.04000001,0.0,0.0,nan,0,0.0,0.0,nan,0
1.02,approach,1.02,0.35,-0.15,0.01997057,0.0,0.0,0.0,1.0,0.0,0.0,0.0,0.018193853523189436,0,0.0,256,0,-1,-0.08347447,-0.10231604,-0.070700765,-2.4836545,-0.01953232,2.2678673,0.78549004,0.04,0.04000001,0.0,0.0,nan,0,0.0,0.0,nan,0
1.03,approach,1.03,0.35,-0.15,0.01997057,0.0,0.0,0.0,1.0,0.0,0.0,0.0,0.018181975136715767,0,0.0,256,0,-1,-0.08484993,-0.10459175,-0.071983606,-2.4855747,-0.019865189,2.265731,0.78549,0.04,0.04000001,0.0,0.0,nan,0,0.0,0.0,nan,0
1.04,approach,1.04,0.35,-0.15,0.01997057,0.0,0.0,0.0,1.0,0.0,0.0,0.0,0.018169876721946646,0,0.0,256,0,-1,-0.08622539,-0.10686747,-0.07326647,-2.487495,-0.02019806,2.2635944,0.78549,0.04,0.04000001,0.0,0.0,nan,0,0.0,0.0,nan,0
1.05,approach,1.05,0.35,-0.15,0.01997057,0.0,0.0,0.0,1.0,0.0,0.0,0.0,0.01815792567484191,0,0.0,256,0,-1,-0.08760085,-0.1091432,-0.07454936,-2.489415,-0.02053093,2.261458,0.7854899,0.04,0.04000001,0.0,0.0,nan,0,0.0,0.0,nan,0
1.06,approach,1.06,0.35,-0.15,0.01997057,0.0,0.0,0.0,1.0,0.0,0.0,0.0,0.018145947052648367,0,0.0,256,0,-1,-0.088976316,-0.111418955,-0.075832285,-2.491335,-0.0208638,2.2593215,0.7854899,0.040000003,0.040000007,0.0,0.0,nan,0,0.0,0.0,nan,0
1.07,approach,1.07,0.35,-0.15,0.01997057,0.0,0.0,0.0,1.0,0.0,0.0,0.0,0.018133810848706886,0,0.0,256,0,-1,-0.09035177,-0.11369472,-0.07711523,-2.4932551,-0.021196669,2.2571847,0.78548986,0.040000003,0.040000007,0.0,0.0,nan,0,0.0,0.0,nan,0
1.08,approach,1.08,0.35,-0.15,0.01997057,0.0,0.0,0.0,1.0,0.0,0.0,0.0,0.018121937236829762,0,0.0,256,0,-1,-0.09172722,-0.115970485,-0.0783982,-2.4951751,-0.021529539,2.2550485,0.7854898,0.040000007,0.040000007,0.0,0.0,nan,0,0.0,0.0,nan,0
1.09,approach,1.09,0.35,-0.15,0.01997057,0.0,0.0,0.0,1.0,0.0,0.0,0.0,0.018109885775804187,0,0.0,256,0,-1,-0.09310268,-0.11824627,-0.079681195,-2.4970953,-0.021862408,2.252912,0.7854898,0.040000007,0.040000003,0.0,0.0,nan,0,0.0,0.0,nan,0
1.1,approach,1.1,0.35,-0.15,0.01997057,0.0,0.0,0.0,1.0,0.0,0.0,0.0,0.018097867025129055,0,0.0,256,0,-1,-0.094478145,-0.120522074,-0.08096422,-2.4990153,-0.022195278,2.2507756,0.7854898,0.04000001,0.04,0.0,0.0,nan,0,0.0,0.0,nan,0
1.11,approach,1.11,0.35,-0.15,0.01997057,0.0,0.0,0.0,1.0,0.0,0.0,0.0,0.01673472142171973,0,0.0,256,0,-1,-0.0958904,-0.122632705,-0.08227421,-2.5008376,-0.02256622,2.2487774,0.78549004,0.03999957,0.040000353,0.0,0.0,nan,0,0.0,0.0,nan,0
1.12,approach,1.12,0.35,-0.15,0.01997057,0.0,0.0,0.0,1.0,0.0,0.0,0.0,0.015736364797211126,0,0.0,256,0,-1,-0.09737479,-0.1244556,-0.08364529,-2.502523,-0.022980938,2.2469485,0.7854902,0.039998885,0.04000079,0.0,0.0,nan,0,0.0,0.0,nan,0
1.1300000000000001,approach,1.1300000000000001,0.35,-0.15,0.01997057,0.0,0.0,0.0,1.0,0.0,0.0,0.0,0.015025035940006377,0,0.0,256,0,-1,-0.098935954,-0.12600292,-0.08508497,-2.5041087,-0.02342949,2.2452526,0.7854903,0.03999829,0.040001046,0.0,0.0,nan,0,0.0,0.0,nan,0
1.1400000000000001,approach,1.1400000000000001,0.35,-0.15,0.01997057,0.0,0.0,0.0,1.0,0.0,0.0,0.0,0.014519815735251951,0,0.0,256,0,-1,-0.10056612,-0.12731619,-0.08658746,-2.505627,-0.023904493,2.2436597,0.7854903,0.039997905,0.040001106,0.0,0.0,nan,0,0.0,0.0,nan,0
1.1500000000000001,approach,1.1500000000000001,0.35,-0.15,0.01997057,0.0,0.0,0.0,1.0,0.0,0.0,0.0,0.014158095330780383,0,0.0,256,0,-1,-0.10225326,-0.12844051,-0.088142134,-2.5070975,-0.024400303,2.2421472,0.78549016,0.039997738,0.040001027,0.0,0.0,nan,0,0.0,0.0,nan,0
1.16,approach,1.16,0.35,-0.15,0.01997057,0.0,0.0,0.0,1.0,0.0,0.0,0.0,0.013895482083768241,0,0.0,256,0,-1,-0.10398509,-0.1294168,-0.08973777,-2.5085325,-0.02491254,2.2406976,0.78549004,0.039997745,0.040000886,0.0,0.0,nan,0,0.0,0.0,nan,0
1.17,approach,1.17,0.35,-0.15,0.01997057,0.0,0.0,0.0,1.0,0.0,0.0,0.0,0.013701809164107783,0,0.0,256,0,-1,-0.105750844,-0.13027945,-0.09136434,-2.5099394,-0.025437769,2.2392976,0.7854899,0.039997872,0.04000072,0.0,0.0,nan,0,0.0,0.0,nan,0
1.18,approach,1.18,0.35,-0.15,0.01997057,0.0,0.0,0.0,1.0,0.0,0.0,0.0,0.013556813833087681,0,0.0,256,0,-1,-0.1075417,-0.13105614,-0.09301363,-2.511323,-0.025973285,2.2379367,0.7854898,0.03999807,0.04000057,0.0,0.0,nan,0,0.0,0.0,nan,0
1.19,approach,1.19,0.35,-0.15,0.01997057,0.0,0.0,0.0,1.0,0.0,0.0,0.0,0.013446877596261364,0,0.0,256,0,-1,-0.10935084,-0.13176851,-0.09467928,-2.512687,-0.026516948,2.236607,0.7854897,0.039998297,0.040000435,0.0,0.0,nan,0,0.0,0.0,nan,0
1.2,approach,1.2,0.35,-0.15,0.01997057,0.0,0.0,0.0,1.0,0.0,0.0,0.0,0.013362420627508222,0,0.0,256,0,-1,-0.11117311,-0.13243307,-0.09635652,-2.5140345,-0.027067067,2.2353017,0.78548956,0.03999853,0.040000327,0.0,0.0,nan,0,0.0,0.0,nan,0
1.21,approach,1.21,0.35,-0.15,0.01997057,0.0,0.0,0.0,1.0,0.0,0.0,0.0,0.01329699592202595,0,0.0,256,0,-1,-0.113004714,-0.13306232,-0.09804185,-2.515368,-0.027622297,2.234016,0.78548944,0.03999876,0.040000245,0.0,0.0,nan,0,0.0,0.0,nan,0
1.22,approach,1.22,0.35,-0.15,0.01997057,0.0,0.0,0.0,1.0,0.0,0.0,0.0,0.013245836997588455,0,0.0,256,0,-1,-0.11484292,-0.13366555,-0.09973277,-2.51669,-0.028181579,2.2327456,0.7854893,0.039998963,0.04000018,0.0,0.0,nan,0,0.0,0.0,nan,0
1.23,approach,1.23,0.35,-0.15,0.01997057,0.0,0.0,0.0,1.0,0.0,0.0,0.0,0.013205493546288867,0,0.0,256,0,-1,-0.11668576,-0.13424964,-0.10142752,-2.5180023,-0.028744066,2.2314875,0.7854892,0.039999142,0.040000133,0.0,0.0,nan,0,0.0,0.0,nan,0
1.24,approach,1.24,0.35,-0.15,0.01997057,0.0,0.0,0.0,1.0,0.0,0.0,0.0,0.013173398734439916,0,0.0,256,0,-1,-0.11853185,-0.13481964,-0.103124864,-2.5193064,-0.029309088,2.230239,0.7854891,0.0399993,0.0400001,0.0,0.0,nan,0,0.0,0.0,nan,0
1.25,approach,1.25,0.35,-0.15,0.01997057,0.0,0.0,0.0,1.0,0.0,0.0,0.0,0.013147671911992205,0,0.0,256,0,-1,-0.120380215,-0.13537927,-0.10482396,-2.520604,-0.029876119,2.228998,0.785489,0.03999943,0.040000077,0.0,0.0,nan,0,0.0,0.0,nan,0
1.26,approach,1.26,0.35,-0.15,0.01997057,0.0,0.0,0.0,1.0,0.0,0.0,0.0,0.013126888271993452,0,0.0,256,0,-1,-0.12223016,-0.13593124,-0.10652423,-2.5218964,-0.030444738,2.2277632,0.78548896,0.039999537,0.040000062,0.0,0.0,nan,0,0.0,0.0,nan,0
1.27,approach,1.27,0.35,-0.15,0.01997057,0.0,0.0,0.0,1.0,0.0,0.0,0.0,0.013109943490887335,0,0.0,256,0,-1,-0.1240812,-0.13647752,-0.10822528,-2.5231843,-0.031014612,2.2265332,0.7854889,0.039999623,0.040000055,0.0,0.0,nan,0,0.0,0.0,nan,0
1.28,approach,1.28,0.35,-0.15,0.01997057,0.0,0.0,0.0,1.0,0.0,0.0,0.0,0.013095981005889918,0,0.0,256,0,-1,-0.12593302,-0.13701959,-0.109926835,-2.5244687,-0.031585477,2.225307,0.78548884,0.039999694,0.040000048,0.0,0.0,nan,0,0.0,0.0,nan,0
1.29,approach,1.29,0.35,-0.15,0.01997057,0.0,0.0,0.0,1.0,0.0,0.0,0.0,0.013084265691765492,0,0.0,256,0,-1,-0.12778538,-0.13755852,-0.11162873,-2.5257504,-0.032157127,2.2240837,0.7854888,0.03999975,0.04000004,0.0,0.0,nan,0,0.0,0.0,nan,0
1.3,approach,1.3,0.35,-0.15,0.01997057,0.0,0.0,0.0,1.0,0.0,0.0,0.0,0.013074314591310974,0,0.0,256,0,-1,-0.12963815,-0.13809511,-0.11333085,-2.5270302,-0.032729395,2.2228627,0.7854887,0.039999794,0.04000004,0.0,0.0,nan,0,0.0,0.0,nan,0
1.31,approach,1.31,0.35,-0.15,0.01997057,0.0,0.0,0.0,1.0,0.0,0.0,0.0,0.013065739273419566,0,0.0,256,0,-1,-0.13149117,-0.13862991,-0.1150331,-2.5283082,-0.03330215,2.2216434,0.78548867,0.039999828,0.04000004,0.0,0.0,nan,0,0.0,0.0,nan,0
1.32,approach,1.32,0.35,-0.15,0.01997057,0.0,0.0,0.0,1.0,0.0,0.0,0.0,0.01305832614587704,0,0.0,256,0,-1,-0.13334438,-0.13916339,-0.11673544,-2.5295846,-0.03387529,2.2204258,0.7854886,0.039999854,0.04000004,0.0,0.0,nan,0,0.0,0.0,nan,0
1.33,approach,1.33,0.35,-0.15,0.01997057,0.0,0.0,0.0,1.0,0.0,0.0,0.0,0.013051694696177979,0,0.0,256,0,-1,-0.13519774,-0.13969587,-0.11843785,-2.53086,-0.03444874,2.2192092,0.78548855,0.039999876,0.04000004,0.0,0.0,nan,0,0.0,0.0,nan,0
1.34,approach,1.34,0.35,-0.15,0.01997057,0.0,0.0,0.0,1.0,0.0,0.0,0.0,0.013045723817980939,0,0.0,256,0,-1,-0.13705121,-0.14022759,-0.1201403,-2.5321345,-0.035022426,2.2179935,0.7854885,0.03999989,0.04000004,0.0,0.0,nan,0,0.0,0.0,nan,0
1.35,approach,1.35,0.35,-0.15,0.01997057,0.0,0.0,0.0,1.0,0.0,0.0,0.0,0.013040276270209667,0,0.0,256,0,-1,-0.13890475,-0.14075872,-0.12184277,-2.5334084,-0.035596304,2.2167785,0.7854884,0.039999902,0.04000004,0.0,0.0,nan,0,0.0,0.0,nan,0
1.36,approach,1.36,0.35,-0.15,0.01997057,0.0,0.0,0.0,1.0,0.0,0.0,0.0,0.013035289550235907,0,0.0,256,0,-1,-0.14075834,-0.14128941,-0.12354526,-2.5346818,-0.03617033,2.2155643,0.7854884,0.03999991,0.04000004,0.0,0.0,nan,0,0.0,0.0,nan,0
1.37,approach,1.37,0.35,-0.15,0.01997057,0.0,0.0,0.0,1.0,0.0,0.0,0.0,0.01303053099636189,0,0.0,256,0,-1,-0.14261195,-0.14181978,-0.12524776,-2.535955,-0.036744475,2.2143502,0.78548837,0.039999917,0.04000004,0.0,0.0,nan,0,0.0,0.0,nan,0
1.3800000000000001,approach,1.3800000000000001,0.35,-0.15,0.01997057,0.0,0.0,0.0,1.0,0.0,0.0,0.0,0.01302607122951711,0,0.0,256,0,-1,-0.1444656,-0.14234988,-0.12695028,-2.5372276,-0.03731871,2.2131367,0.7854883,0.03999992,0.04000004,0.0,0.0,nan,0,0.0,0.0,nan,0
1.3900000000000001,approach,1.3900000000000001,0.35,-0.15,0.01997057,0.0,0.0,0.0,1.0,0.0,0.0,0.0,0.0130217569212304,0,0.0,256,0,-1,-0.14631927,-0.14287981,-0.1286528,-2.5385003,-0.037893023,2.2119234,0.78548825,0.03999992,0.04000004,0.0,0.0,nan,0,0.0,0.0,nan,0
1.4000000000000001,approach,1.4000000000000001,0.35,-0.15,0.01997057,0.0,0.0,0.0,1.0,0.0,0.0,0.0,0.013017635988888783,0,0.0,256,0,-1,-0.14817296,-0.14340958,-0.13035531,-2.5397725,-0.038467392,2.2107103,0.7854882,0.03999992,0.04000004,0.0,0.0,nan,0,0.0,0.0,nan,0
1.41,approach,1.41,0.35,-0.15,0.01997057,0.0,0.0,0.0,1.0,0.0,0.0,0.0,0.013013547380953883,0,0.0,256,0,-1,-0.15002666,-0.14393926,-0.13205783,-2.5410447,-0.039041806,2.2094972,0.7854881,0.03999992,0.04000004,0.0,0.0,nan,0,0.0,0.0,nan,0
1.42,approach,1.42,0.35,-0.15,0.01997057,0.0,0.0,0.0,1.0,0.0,0.0,0.0,0.013009583438852435,0,0.0,256,0,-1,-0.15188037,-0.14446884,-0.13376035,-2.542317,-0.039616253,2.2082844,0.78548807,0.03999992,0.04000004,0.0,0.0,nan,0,0.0,0.0,nan,0
1.43,approach,1.43,0.35,-0.15,0.01997057,0.0,0.0,0.0,1.0,0.0,0.0,0.0,0.013005714580739416,0,0.0,256,0,-1,-0.15373407,-0.14499839,-0.13546288,-2.543589,-0.04019073,2.2070718,0.785488,0.03999992,0.04000004,0.0,0.0,nan,0,0.0,0.0,nan,0
1.44,approach,1.44,0.35,-0.15,0.01997057,0.0,0.0,0.0,1.0,0.0,0.0,0.0,0.013001888649405187,0,0.0,256,0,-1,-0.15558778,-0.14552787,-0.13716543,-2.544861,-0.040765233,2.2058592,0.785488,0.03999992,0.04000004,0.0,0.0,nan,0,0.0,0.0,nan,0
1.45,approach,1.45,0.35,-0.15,0.01997057,0.0,0.0,0.0,1.0,0.0,0.0,0.0,0.012998075935197048,0,0.0,256,0,-1,-0.15744151,-0.14605734,-0.13886797,-2.5461328,-0.04133975,2.2046466,0.78548795,0.03999992,0.040000044,0.0,0.0,nan,0,0.0,0.0,nan,0
1.46,approach,1.46,0.35,-0.15,0.01997057,0.0,0.0,0.0,1.0,0.0,0.0,0.0,0.012994279021740504,0,0.0,256,0,-1,-0.15929525,-0.14658678,-0.14057052,-2.5474045,-0.041914284,2.203434,0.7854879,0.03999992,0.040000044,0.0,0.0,nan,0,0.0,0.0,nan,0
1.47,approach,1.47,0.35,-0.15,0.01997057,0.0,0.0,0.0,1.0,0.0,0.0,0.0,0.012990484190963172,0,0.0,256,0,-1,-0.16114898,-0.14711621,-0.14227307,-2.5486763,-0.042488825,2.2022214,0.78548783,0.03999992,0.040000044,0.0,0.0,nan,0,0.0,0.0,nan,0
1.48,approach,1.48,0.35,-0.15,0.01997057,0.0,0.0,0.0,1.0,0.0,0.0,0.0,0.012986690812831237,0,0.0,256,0,-1,-0.16300271,-0.14764565,-0.14397562,-2.549948,-0.043063376,2.2010088,0.7854878,0.03999992,0.040000044,0.0,0.0,nan,0,0.0,0.0,nan,0
1.49,approach,1.49,0.35,-0.15,0.01997057,0.0,0.0,0.0,1.0,0.0,0.0,0.0,0.012982891812233152,0,0.0,256,0,-1,-0.16485645,-0.14817509,-0.14567818,-2.5512197,-0.043637935,2.1997962,0.7854877,0.03999992,0.040000044,0.0,0.0,nan,0,0.0,0.0,nan,0
1.5,approach,1.5,0.35,-0.15,0.01997057,0.0,0.0,0.0,1.0,0.0,0.0,0.0,0.012979170190308852,0,0.0,256,0,-1,-0.16671018,-0.14870453,-0.14738075,-2.5524914,-0.044212498,2.1985838,0.78548765,0.03999992,0.040000044,0.0,0.0,nan,0,0.0,0.0,nan,0
1.51,approach,1.51,0.35,-0.15,0.01997057,0.0,0.0,0.0,1.0,0.0,0.0,0.0,0.012975451359172573,0,0.0,256,0,-1,-0.16856392,-0.14923397,-0.14908333,-2.5537632,-0.044787064,2.1973715,0.7854876,0.039999917,0.040000048,0.0,0.0,nan,0,0.0,0.0,nan,0
1.52,approach,1.52,0.35,-0.15,0.01997057,0.0,0.0,0.0,1.0,0.0,0.0,0.0,0.012971734663666593,0,0.0,256,0,-1,-0.17041765,-0.1497634,-0.15078591,-2.5550349,-0.045361638,2.1961591,0.7854876,0.039999917,0.040000048,0.0,0.0,nan,0,0.0,0.0,nan,0
1.53,approach,1.53,0.35,-0.15,0.01997057,0.0,0.0,0.0,1.0,0.0,0.0,0.0,0.012968006545215571,0,0.0,256,0,-1,-0.17227139,-0.15029287,-0.15248848,-2.5563066,-0.045936212,2.1949468,0.78548753,0.039999917,0.040000048,0.0,0.0,nan,0,0.0,0.0,nan,0
1.54,approach,1.54,0.35,-0.15,0.01997057,0.0,0.0,0.0,1.0,0.0,0.0,0.0,0.01296428188115213,0,0.0,256,0,-1,-0.17412512,-0.15082234,-0.15419106,-2.5575783,-0.046510786,2.1937344,0.7854875,0.039999913,0.040000048,0.0,0.0,nan,0,0.0,0.0,nan,0
1.55,approach,1.55,0.35,-0.15,0.01997057,0.0,0.0,0.0,1.0,0.0,0.0,0.0,0.012960545251729318,0,0.0,256,0,-1,-0.17597885,-0.15135181,-0.15589367,-2.55885,-0.04708536,2.192522,0.7854874,0.039999913,0.040000048,0.0,0.0,nan,0,0.0,0.0,nan,0
1.56,approach,1.56,0.35,-0.15,0.01997057,0.0,0.0,0.0,1.0,0.0,0.0,0.0,0.01295688662820982,0,0.0,256,0,-1,-0.17783259,-0.15188129,-0.15759628,-2.5601218,-0.047659937,2.19131,0.78548735,0.039999913,0.040000048,0.0,0.0,nan,0,0.0,0.0,nan,0
1.57,approach,1.57,0.35,-0.15,0.01997057,0.0,0.0,0.0,1.0,0.0,0.0,0.0,0.012953058228088413,0,0.0,256,0,-1,-0.17968632,-0.15241079,-0.15929888,-2.5613935,-0.04823452,2.1900973,0.7854873,0.039999913,0.040000048,0.0,0.0,nan,0,0.0,0.0,nan,0
1.58,approach,1.58,0.35,-0.15,0.01997057,0.0,0.0,0.0,1.0,0.0,0.0,0.0,0.012949301100405684,0,0.0,256,0,-1,-0.18154006,-0.15294032,-0.16100149,-2.5626652,-0.0488091,2.188885,0.78548723,0.03999991,0.040000048,0.0,0.0,nan,0,0.0,0.0,nan,0
1.59,approach,1.59,0.35,-0.15,0.01997057,0.0,0.0,0.0,1.0,0.0,0.0,0.0,0.012945638696098747,0,0.0,256,0,-1,-0.18339378,-0.15346985,-0.1627041,-2.563937,-0.04938368,2.1876729,0.78548723,0.03999991,0.040000048,0.0,0.0,nan,0,0.0,0.0,nan,0
1.6,approach,1.6,0.35,-0.15,0.01997057,0.0,0.0,0.0,1.0,0.0,0.0,0.0,0.012941873530519806,0,0.0,256,0,-1,-0.18524751,-0.15399939,-0.16440672,-2.5652087,-0.049958263,2.1864605,0.7854872,0.03999991,0.040000048,0.0,0.0,nan,0,0.0,0.0,nan,0
1.61,approach,1.61,0.35,-0.15,0.01997057,0.0,0.0,0.0,1.0,0.0,0.0,0.0,0.012938013999658845,0,0.0,256,0,-1,-0.18710124,-0.15452895,-0.16610935,-2.5664804,-0.050532844,2.185248,0.7854871,0.03999991,0.040000048,0.0,0.0,nan,0,0.0,0.0,nan,0
1.62,approach,1.62,0.35,-0.15,0.01997057,0.0,0.0,0.0,1.0,0.0,0.0,0.0,0.012934308831539513,0,0.0,256,0,-1,-0.18895498,-0.15505853,-0.16781199,-2.5677521,-0.051107425,2.1840358,0.78548706,0.03999991,0.040000048,0.0,0.0,nan,0,0.0,0.0,nan,0
1.6300000000000001,approach,1.6300000000000001,0.35,-0.15,0.01997057,0.0,0.0,0.0,1.0,0.0,0.0,0.0,0.012930524443896094,0,0.0,256,0,-1,-0.19080871,-0.15558812,-0.16951463,-2.5690238,-0.051682007,2.1828234,0.785487,0.03999991,0.040000048,0.0,0.0,nan,0,0.0,0.0,nan,0
1.6400000000000001,approach,1.6400000000000001,0.35,-0.15,0.01997057,0.0,0.0,0.0,1.0,0.0,0.0,0.0,0.012926819807512096,0,0.0,256,0,-1,-0.19266245,-0.15611772,-0.17121726,-2.5702956,-0.052256584,2.1816113,0.78548694,0.03999991,0.040000048,0.0,0.0,nan,0,0.0,0.0,nan,0
1.6500000000000001,approach,1.6500000000000001,0.35,-0.15,0.01997057,0.0,0.0,0.0,1.0,0.0,0.0,0.0,0.012922967933963162,0,0.0,256,0,-1,-0.19451618,-0.15664734,-0.1729199,-2.571567,-0.052831165,2.1803987,0.7854869,0.03999991,0.040000048,0.0,0.0,nan,0,0.0,0.0,nan,0
1.6600000000000001,approach,1.6600000000000001,0.35,-0.15,0.01997057,0.0,0.0,0.0,1.0,0.0,0.0,0.0,0.01291918860829304,0,0.0,256,0,-1,-0.19636992,-0.15717699,-0.17462254,-2.5728385,-0.053405743,2.1791863,0.7854868,0.03999991,0.040000048,0.0,0.0,nan,0,0.0,0.0,nan,0
1.67,approach,1.67,0.35,-0.15,0.01997057,0.0,0.0,0.0,1.0,0.0,0.0,0.0,0.012915472604433926,0,0.0,256,0,-1,-0.19822365,-0.15770665,-0.1763252,-2.57411,-0.053980324,2.1779742,0.7854868,0.03999991,0.040000048,0.0,0.0,nan,0,0.0,0.0,nan,0
1.68,approach,1.68,0.35,-0.15,0.01997057,0.0,0.0,0.0,1.0,0.0,0.0,0.0,0.01291164688348818,0,0.0,256,0,-1,-0.20007738,-0.15823632,-0.17802787,-2.5753818,-0.054554906,2.1767619,0.78548676,0.03999991,0.040000048,0.0,0.0,nan,0,0.0,0.0,nan,0
1.69,approach,1.69,0.35,-0.15,0.01997057,0.0,0.0,0.0,1.0,0.0,0.0,0.0,0.012907765581220976,0,0.0,256,0,-1,-0.20193112,-0.158766,-0.17973053,-2.5766532,-0.055129483,2.1755493,0.7854867,0.03999991,0.040000048,0.0,0.0,nan,0,0.0,0.0,nan,0
1.7,approach,1.7,0.35,-0.15,0.01997057,0.0,0.0,0.0,1.0,0.0,0.0,0.0,0.0129040230156399,0,0.0,256,0,-1,-0.20378485,-0.1592957,-0.1814332,-2.577925,-0.055704065,2.1743371,0.78548664,0.03999991,0.040000048,0.0,0.0,nan,0,0.0,0.0,nan,0
1.71,approach,1.71,0.35,-0.15,0.01997057,0.0,0.0,0.0,1.0,0.0,0.0,0.0,0.00958072644098967,0,0.0,256,0,-1,-0.20488591,-0.15946981,-0.18357275,-2.5790398,-0.05649473,2.1737201,0.78548807,0.040001046,0.039998673,0.0,0.0,nan,0,0.0,0.0,nan,0
1.72,approach,1.72,0.35,-0.15,0.01997057,0.0,0.0,0.0,1.0,0.0,0.0,0.0,0.010485439401317796,0,0.0,256,0,-1,-0.20494992,-0.15902106,-0.18610165,-2.5799296,-0.05754398,2.1738267,0.7854898,0.04000259,0.039996315,0.0,0.0,nan,0,0.0,0.0,nan,0
1.73,approach,1.73,0.35,-0.15,0.01997057,0.0,0.0,0.0,1.0,0.0,0.0,0.0,0.013198186366327424,0,0.0,256,0,-1,-0.20410395,-0.15797712,-0.18885012,-2.5806632,-0.05879915,2.1745043,0.7854913,0.040003534,0.039994206,0.0,0.0,nan,0,0.0,0.0,nan,0
1.74,approach,1.74,0.35,-0.15,0.01997057,0.0,0.0,0.0,1.0,0.0,0.0,0.0,0.015986403973368472,0,0.0,256,0,-1,-0.20250611,-0.15642968,-0.19173639,-2.5812972,-0.060217302,2.1756284,0.7854926,0.040003754,0.039992858,0.0,0.0,nan,0,0.0,0.0,nan,0
1.75,approach,1.75,0.35,-0.15,0.01997057,0.0,0.0,0.0,1.0,0.0,0.0,0.0,0.018385775074595063,0,0.0,256,0,-1,-0.20030706,-0.15447709,-0.19472201,-2.5818644,-0.061764102,2.1771028,0.7854938,0.040003467,0.039992303,0.0,0.0,nan,0,0.0,0.0,nan,0
1.76,approach,1.76,0.35,-0.15,0.01997057,0.0,0.0,0.0,1.0,0.0,0.0,0.0,0.020340873195876075,0,0.0,256,0,-1,-0.19763677,-0.15220778,-0.19778799,-2.5823822,-0.06341226,2.1788518,0.78549486,0.040002923,0.039992385,0.0,0.0,nan,0,0.0,0.0,nan,0
1.77,approach,1.77,0.35,-0.15,0.01997057,0.0,0.0,0.0,1.0,0.0,0.0,0.0,0.021899227367827276,0,0.0,256,0,-1,-0.19460171,-0.1496955,-0.2009234,-2.58286,-0.06514014,2.1808174,0.78549594,0.040002313,0.0399929,0.0,0.0,nan,0,0.0,0.0,nan,0
1.78,approach,1.78,0.35,-0.15,0.01997057,0.0,0.0,0.0,1.0,0.0,0.0,0.0,0.023128679880675525,0,0.0,256,0,-1,-0.19128646,-0.14699934,-0.2041204,-2.5833044,-0.06693071,2.1829536,0.7854971,0.040001735,0.039993666,0.0,0.0,nan,0,0.0,0.0,nan,0
1.79,approach,1.79,0.35,-0.15,0.01997057,0.0,0.0,0.0,1.0,0.0,0.0,0.0,0.024093614473192016,0,0.0,256,0,-1,-0.18775694,-0.14416532,-0.20737214,-2.5837197,-0.068770535,2.1852245,0.7854983,0.040001236,0.039994553,0.0,0.0,nan,0,0.0,0.0,nan,0
1.8,approach,1.8,0.35,-0.15,0.01997057,0.0,0.0,0.0,1.0,0.0,0.0,0.0,0.024848953762310253,0,0.0,256,0,-1,-0.18406397,-0.14122856,-0.21067214,-2.5841095,-0.07064905,2.1876016,0.7854995,0.04000083,0.039995458,0.0,0.0,nan,0,0.0,0.0,nan,0
1.81,approach,1.81,0.35,-0.15,0.01997057,0.0,0.0,0.0,1.0,0.0,0.0,0.0,0.025439324985148837,0,0.0,256,0,-1,-0.18024641,-0.1382156,-0.21401416,-2.5844774,-0.072557956,2.1900625,0.7855008,0.040000506,0.03999633,0.0,0.0,nan,0,0.0,0.0,nan,0
1.82,approach,1.82,0.35,-0.15,0.01997057,0.0,0.0,0.0,1.0,0.0,0.0,0.0,0.02590046953376088,0,0.0,256,0,-1,-0.17633389,-0.13514628,-0.21739231,-2.5848265,-0.07449074,2.1925895,0.78550214,0.040000256,0.03999713,0.0,0.0,nan,0,0.0,0.0,nan,0
1.83,approach,1.83,0.35,-0.15,0.01997057,0.0,0.0,0.0,1.0,0.0,0.0,0.0,0.026260454576666835,0,0.0,256,0,-1,-0.17234893,-0.13203527,-0.22080117,-2.5851593,-0.07644229,2.1951687,0.78550357,0.040000066,0.039997846,0.0,0.0,nan,0,0.0,0.0,nan,0
1.84,approach,1.84,0.35,-0.15,0.01997057,0.0,0.0,0.0,1.0,0.0,0.0,0.0,0.026541250563526984,0,0.0,256,0,-1,-0.16830863,-0.12889346,-0.22423588,-2.5854788,-0.07840858,2.1977894,0.785505,0.039999902,0.03999847,0.0,0.0,nan,0,0.0,0.0,nan,0
1.85,approach,1.85,0.35,-0.15,0.01997057,0.0,0.0,0.0,1.0,0.0,0.0,0.0,0.026760292612419384,0,0.0,256,0,-1,-0.16422597,-0.12572889,-0.22769208,-2.5857873,-0.08038646,2.2004426,0.7855064,0.039999727,0.039999016,0.0,0.0,nan,0,0.0,0.0,nan,0
1.86,approach,1.86,0.35,-0.15,0.01997057,0.0,0.0,0.0,1.0,0.0,0.0,0.0,0.026931082751458134,0,0.0,256,0,-1,-0.16011085,-0.122547425,-0.23116608,-2.5860868,-0.082373455,2.2031212,0.785508,0.03999955,0.03999948,0.0,0.0,nan,0,0.0,0.0,nan,0
1.87,approach,1.87,0.35,-0.15,0.01997057,0.0,0.0,0.0,1.0,0.0,0.0,0.0,0.027064184076326398,0,0.0,256,0,-1,-0.15597081,-0.11935342,-0.2346547,-2.5863788,-0.08436761,2.2058198,0.7855095,0.039999377,0.03999988,0.0,0.0,nan,0,0.0,0.0,nan,0
1.8800000000000001,approach,1.8800000000000001,0.35,-0.15,0.01997057,0.0,0.0,0.0,1.0,0.0,0.0,0.0,0.027167658415801096,0,0.0,256,0,-1,-0.15181158,-0.116150096,-0.23815522,-2.5866652,-0.0863674,2.2085347,0.7855111,0.039999213,0.040000174,0.0,0.0,nan,0,0.0,0.0,nan,0
1.8900000000000001,approach,1.8900000000000001,0.35,-0.15,0.01997057,0.0,0.0,0.0,1.0,0.0,0.0,0.0,0.02724810482346395,0,0.0,256,0,-1,-0.14763758,-0.11293982,-0.2416654,-2.5869467,-0.08837163,2.211262,0.7855126,0.03999906,0.04000035,0.0,0.0,nan,0,0.0,0.0,nan,0
1.9000000000000001,approach,1.9000000000000001,0.35,-0.15,0.01997057,0.0,0.0,0.0,1.0,0.0,0.0,0.0,0.0273104184301788,0,0.0,256,0,-1,-0.14345214,-0.109724365,-0.2451834,-2.5872245,-0.09037934,2.2139993,0.7855143,0.039998915,0.040000454,0.0,0.0,nan,0,0.0,0.0,nan,0
1.9100000000000001,approach,1.9100000000000001,0.35,-0.15,0.01997057,0.0,0.0,0.0,1.0,0.0,0.0,0.0,0.027358685712709944,0,0.0,256,0,-1,-0.13925788,-0.10650503,-0.24870767,-2.5874994,-0.0923898,2.2167442,0.78551596,0.03999878,0.04000052,0.0,0.0,nan,0,0.0,0.0,nan,0
1.92,approach,1.92,0.35,-0.15,0.01997057,0.0,0.0,0.0,1.0,0.0,0.0,0.0,0.02739593148800612,0,0.0,256,0,-1,-0.13505675,-0.103282794,-0.25223696,-2.5877717,-0.09440242,2.219495,0.78551763,0.039998654,0.04000057,0.0,0.0,nan,0,0.0,0.0,nan,0
1.93,approach,1.93,0.35,-0.15,0.01997057,0.0,0.0,0.0,1.0,0.0,0.0,0.0,0.027424490750368086,0,0.0,256,0,-1,-0.13085033,-0.1000584,-0.25577027,-2.5880423,-0.096416734,2.222251,0.7855193,0.03999854,0.040000606,0.0,0.0,nan,0,0.0,0.0,nan,0
1.94,approach,1.94,0.35,-0.15,0.01997057,0.0,0.0,0.0,1.0,0.0,0.0,0.0,0.027446378879504484,0,0.0,256,0,-1,-0.12663978,-0.09683237,-0.25930676,-2.5883114,-0.09843239,2.2250104,0.785521,0.039998427,0.04000064,0.0,0.0,nan,0,0.0,0.0,nan,0
1.95,approach,1.95,0.35,-0.15,0.01997057,0.0,0.0,0.0,1.0,0.0,0.0,0.0,0.027462896104597085,0,0.0,256,0,-1,-0.12242601,-0.09360514,-0.26284578,-2.5885792,-0.10044911,2.227773,0.78552264,0.039998323,0.04000067,0.0,0.0,nan,0,0.0,0.0,nan,0
1.96,approach,1.96,0.35,-0.15,0.01997057,0.0,0.0,0.0,1.0,0.0,0.0,0.0,0.027475303452675213,0,0.0,256,0,-1,-0.11820973,-0.09037701,-0.2663868,-2.5888464,-0.10246666,2.230538,0.7855243,0.039998222,0.0400007,0.0,0.0,nan,0,0.0,0.0,nan,0
1.97,approach,1.97,0.35,-0.15,0.01997057,0.0,0.0,0.0,1.0,0.0,0.0,0.0,0.02748455502699485,0,0.0,256,0,-1,-0.1139915,-0.08714822,-0.26992938,-2.5891128,-0.104484856,2.2333045,0.785526,0.039998125,0.04000073,0.0,0.0,nan,0,0.0,0.0,nan,0
1.98,approach,1.98,0.35,-0.15,0.01997057,0.0,0.0,0.0,1.0,0.0,0.0,0.0,0.027491235638583647,0,0.0,256,0,-1,-0.10977175,-0.08391896,-0.27347314,-2.5893786,-0.106503576,2.2360728,0.78552765,0.03999803,0.04000076,0.0,0.0,nan,0,0.0,0.0,nan,0
1.99,approach,1.99,0.35,-0.15,0.01997057,0.0,0.0,0.0,1.0,0.0,0.0,0.0,0.027496039202539378,0,0.0,256,0,-1,-0.10555081,-0.080689356,-0.27701786,-2.589644,-0.1085227,2.238842,0.7855294,0.039997935,0.04000079,0.0,0.0,nan,0,0.0,0.0,nan,0
2.0,approach,2.0,0.35,-0.15,0.01997057,0.0,0.0,0.0,1.0,0.0,0.0,0.0,0.027499295576739288,0,0.0,256,0,-1,-0.10132894,-0.07745952,-0.28056335,-2.589909,-0.11054215,2.2416122,0.78553104,0.039997846,0.04000082,0.0,0.0,nan,0,0.0,0.0,nan,0
2.0100000000000002,approach,2.0100000000000002,0.35,-0.15,0.01997057,0.0,0.0,0.0,1.0,0.0,0.0,0.0,0.027501356682247072,0,0.0,256,0,-1,-0.09710634,-0.07422953,-0.2841094,-2.5901737,-0.11256185,2.244383,0.78553283,0.039997756,0.04000085,0.0,0.0,nan,0,0.0,0.0,nan,0
2.02,approach,2.02,0.35,-0.15,0.01997057,0.0,0.0,0.0,1.0,0.0,0.0,0.0,0.027502588754744272,0,0.0,256,0,-1,-0.09288316,-0.07099944,-0.28765586,-2.5904384,-0.11458175,2.2471545,0.78553456,0.039997667,0.04000088,0.0,0.0,nan,0,0.0,0.0,nan,0
2.0300000000000002,approach,2.0300000000000002,0.35,-0.15,0.01997057,0.0,0.0,0.0,1.0,0.0,0.0,0.0,0.027503105214179396,0,0.0,256,0,-1,-0.08865955,-0.067769304,-0.29120263,-2.5907028,-0.11660181,2.2499263,0.7855362,0.039997578,0.040000908,0.0,0.0,nan,0,0.0,0.0,nan,0
2.04,approach,2.04,0.35,-0.15,0.01997057,0.0,0.0,0.0,1.0,0.0,0.0,0.0,0.02750304215811522,0,0.0,256,0,-1,-0.08443558,-0.06453915,-0.29474962,-2.590967,-0.118622005,2.2526987,0.78553796,0.03999749,0.040000938,0.0,0.0,nan,0,0.0,0.0,nan,0
2.05,approach,2.05,0.35,-0.15,0.01997057,0.0,0.0,0.0,1.0,0.0,0.0,0.0,0.027502634171402723,0,0.0,256,0,-1,-0.08021134,-0.061309017,-0.29829672,-2.591231,-0.1206423,2.2554712,0.7855397,0.0399974,0.040000968,0.0,0.0,nan,0,0.0,0.0,nan,0
2.06,approach,2.06,0.35,-0.15,0.01997057,0.0,0.0,0.0,1.0,0.0,0.0,0.0,0.027501929933027795,0,0.0,256,0,-1,-0.075986885,-0.058078926,-0.30184394,-2.5914953,-0.12266266,2.258244,0.7855415,0.03999731,0.040000997,0.0,0.0,nan,0,0.0,0.0,nan,0
2.07,approach,2.07,0.35,-0.15,0.01997057,0.0,0.0,0.0,1.0,0.0,0.0,0.0,0.02750109438369582,0,0.0,256,0,-1,-0.071762264,-0.05484888,-0.30539122,-2.5917594,-0.1246831,2.2610168,0.7855432,0.03999722,0.040001027,0.0,0.0,nan,0,0.0,0.0,nan,0
2.08,approach,2.08,0.35,-0.15,0.01997057,0.0,0.0,0.0,1.0,0.0,0.0,0.0,0.027500064113718338,0,0.0,256,0,-1,-0.0675375,-0.051618893,-0.30893853,-2.5920236,-0.12670359,2.26379,0.7855449,0.03999713,0.040001057,0.0,0.0,nan,0,0.0,0.0,nan,0
2.09,approach,2.09,0.35,-0.15,0.01997057,0.0,0.0,0.0,1.0,0.0,0.0,0.0,0.027498855894185284,0,0.0,256,0,-1,-0.06331264,-0.04838899,-0.31248584,-2.5922873,-0.12872411,2.2665632,0.7855466,0.03999704,0.040001087,0.0,0.0,nan,0,0.0,0.0,nan,0
2.1,approach,2.1,0.35,-0.15,0.01997057,0.0,0.0,0.0,1.0,0.0,0.0,0.0,0.027497652448723313,0,0.0,256,0,-1,-0.0590877,-0.04515918,-0.3160331,-2.592551,-0.13074467,2.2693365,0.7855483,0.03999695,0.040001117,0.0,0.0,nan,0,0.0,0.0,nan,0
2.11,approach,2.11,0.35,-0.15,0.01997057,0.0,0.0,0.0,1.0,0.0,0.0,0.0,0.02749644981789991,0,0.0,256,0,-1,-0.054862693,-0.041929465,-0.31958032,-2.5928147,-0.13276525,2.2721097,0.7855501,0.03999686,0.040001146,0.0,0.0,nan,0,0.0,0.0,nan,0
2.12,approach,2.12,0.35,-0.15,0.01997057,0.0,0.0,0.0,1.0,0.0,0.0,0.0,0.027495273651688315,0,0.0,256,0,-1,-0.050637636,-0.038699843,-0.32312748,-2.5930784,-0.13478586,2.274883,0.7855518,0.039996766,0.040001176,0.0,0.0,nan,0,0.0,0.0,nan,0
2.13,approach,2.13,0.35,-0.15,0.01997057,0.0,0.0,0.0,1.0,0.0,0.0,0.0,0.02749413388065319,0,0.0,256,0,-1,-0.046412542,-0.03547031,-0.32667458,-2.593342,-0.13680649,2.2776563,0.7855535,0.03999667,0.040001206,0.0,0.0,nan,0,0.0,0.0,nan,0
2.14,approach,2.14,0.35,-0.15,0.01997057,0.0,0.0,0.0,1.0,0.0,0.0,0.0,0.02749303846999304,0,0.0,256,0,-1,-0.04218742,-0.03224088,-0.33022162,-2.5936058,-0.13882713,2.2804296,0.78555524,0.039996576,0.040001236,0.0,0.0,nan,0,0.0,0.0,nan,0
2.15,approach,2.15,0.35,-0.15,0.01997057,0.0,0.0,0.0,1.0,0.0,0.0,0.0,0.0274920203085971,0,0.0,256,0,-1,-0.03796227,-0.029011548,-0.33376855,-2.5938694,-0.14084779,2.283203,0.785557,0.03999648,0.04000127,0.0,0.0,nan,0,0.0,0.0,nan,0
2.16,approach,2.16,0.35,-0.15,0.01997057,0.0,0.0,0.0,1.0,0.0,0.0,0.0,0.027491057037659226,0,0.0,256,0,-1,-0.0337371,-0.025782315,-0.3373154,-2.5941331,-0.14286844,2.2859762,0.78555876,0.03999638,0.040001303,0.0,0.0,nan,0,0.0,0.0,nan,0
2.17,approach,2.17,0.35,-0.15,0.01997057,0.0,0.0,0.0,1.0,0.0,0.0,0.0,0.027490082193063523,0,0.0,256,0,-1,-0.02951192,-0.02255319,-0.34086215,-2.5943968,-0.14488912,2.2887497,0.7855604,0.03999629,0.040001333,0.0,0.0,nan,0,0.0,0.0,nan,0
2.18,approach,2.18,0.35,-0.15,0.01997057,0.0,0.0,0.0,1.0,0.0,0.0,0.0,0.02748916296753892,0,0.0,256,0,-1,-0.025286727,-0.019324167,-0.34440884,-2.5946605,-0.1469098,2.2915232,0.78556216,0.03999619,0.040001366,0.0,0.0,nan,0,0.0,0.0,nan,0
2.19,approach,2.19,0.35,-0.15,0.01997057,0.0,0.0,0.0,1.0,0.0,0.0,0.0,0.027488340051482856,0,0.0,256,0,-1,-0.021061527,-0.016095255,-0.3479554,-2.5949242,-0.14893049,2.2942967,0.7855639,0.039996095,0.0400014,0.0,0.0,nan,0,0.0,0.0,nan,0
2.2,approach,2.2,0.35,-0.15,0.01997057,0.0,0.0,0.0,1.0,0.0,0.0,0.0,0.02748759666498439,0,0.0,256,0,-1,-0.01683632,-0.01286645,-0.35150188,-2.595188,-0.15095118,2.2970703,0.7855656,0.039996,0.040001433,0.0,0.0,nan,0,0.0,0.0,nan,0
2.21,approach,2.21,0.35,-0.15,0.01997057,0.0,0.0,0.0,1.0,0.0,0.0,0.0,0.022915647706463576,0,0.0,256,0,-1,-0.013242249,-0.009616588,-0.35441864,-2.5953717,-0.15269938,2.2997065,0.7855669,0.03999607,0.04000134,0.0,0.0,nan,0,0.0,0.0,nan,0
2.22,approach,2.22,0.35,-0.15,0.01997057,0.0,0.0,0.0,1.0,0.0,0.0,0.0,0.0195884427004012,0,0.0,256,0,-1,-0.010411513,-0.0063433936,-0.3565945,-2.5954282,-0.15411972,2.3021822,0.78556794,0.03999601,0.04000138,0.0,0.0,nan,0,0.0,0.0,nan,0
2.23,approach,2.23,0.35,-0.15,0.01997057,0.0,0.0,0.0,1.0,0.0,0.0,0.0,0.01724167414659547,0,0.0,256,0,-1,-0.008191962,-0.0030585558,-0.35819113,-2.5953696,-0.15528001,2.3045332,0.7855687,0.039995864,0.040001478,0.0,0.0,nan,0,0.0,0.0,nan,0
2.24,approach,2.24,0.35,-0.15,0.01997057,0.0,0.0,0.0,1.0,0.0,0.0,0.0,0.01564170489929117,0,0.0,256,0,-1,-0.006456842,0.00023112391,-0.35933462,-2.5952163,-0.15623538,2.3067865,0.78556925,0.039995708,0.040001553,0.0,0.0,nan,0,0.0,0.0,nan,0
2.25,approach,2.25,0.35,-0.15,0.01997057,0.0,0.0,0.0,1.0,0.0,0.0,0.0,0.014587439838312878,0,0.0,256,0,-1,-0.0051042,0.0035230655,-0.3601222,-2.5949879,-0.15702939,2.3089628,0.78556967,0.039995573,0.040001597,0.0,0.0,nan,0,0.0,0.0,nan,0
2.2600000000000002,approach,2.2600000000000002,0.35,-0.15,0.01997057,0.0,0.0,0.0,1.0,0.0,0.0,0.0,0.013914048955769687,0,0.0,256,0,-1,-0.004052758,0.006816767,-0.3606295,-2.594701,-0.15769637,2.3110783,0.7855699,0.03999547,0.040001616,0.0,0.0,nan,0,0.0,0.0,nan,0
2.27,approach,2.27,0.35,-0.15,0.01997057,0.0,0.0,0.0,1.0,0.0,0.0,0.0,0.013495185202864262,0,0.0,256,0,-1,-0.0032381064,0.010112505,-0.3609157,-2.5943696,-0.15826337,2.3131459,0.7855701,0.03999539,0.040001623,0.0,0.0,nan,0,0.0,0.0,nan,0
2.2800000000000002,approach,2.2800000000000002,0.35,-0.15,0.01997057,0.0,0.0,0.0,1.0,0.0,0.0,0.0,0.0132401593173145,0,0.0,256,0,-1,-0.0026094026,0.0134106865,-0.36102724,-2.5940042,-0.15875168,2.3151755,0.78557014,0.03999533,0.040001627,0.0,0.0,nan,0,0.0,0.0,nan,0
2.29,approach,2.29,0.35,-0.15,0.01997057,0.0,0.0,0.0,1.0,0.0,0.0,0.0,0.013087353527244213,0,0.0,256,0,-1,-0.0021266325,0.016711572,-0.36100078,-2.593613,-0.15917806,2.3171754,0.78557014,0.039995283,0.040001627,0.0,0.0,nan,0,0.0,0.0,nan,0
2.3000000000000003,approach,2.3000000000000003,0.35,-0.15,0.01997057,0.0,0.0,0.0,1.0,0.0,0.0,0.0,0.012996851429340388,0,0.0,256,0,-1,-0.0017583551,0.02001525,-0.3608652,-2.593202,-0.15955573,2.3191514,0.7855701,0.03999524,0.040001635,0.0,0.0,nan,0,0.0,0.0,nan,0
2.31,approach,2.31,0.35,-0.15,0.01997057,0.0,0.0,0.0,1.0,0.0,0.0,0.0,0.012943174833302611,0,0.0,256,0,-1,-0.0014798935,0.023321645,-0.36064336,-2.5927765,-0.15989506,2.3211088,0.78556997,0.0399952,0.040001642,0.0,0.0,nan,0,0.0,0.0,nan,0
2.32,approach,2.32,0.35,-0.15,0.01997057,0.0,0.0,0.0,1.0,0.0,0.0,0.0,0.01291087475172229,0,0.0,256,0,-1,-0.0012718951,0.02663057,-0.3603533,-2.59234,-0.16020422,2.3230515,0.78556985,0.03999516,0.040001653,0.0,0.0,nan,0,0.0,0.0,nan,0
2.33,approach,2.33,0.35,-0.15,0.01997057,0.0,0.0,0.0,1.0,0.0,0.0,0.0,0.012890492002176084,0,0.0,256,0,-1,-0.0011191852,0.029941767,-0.36000934,-2.591895,-0.16048963,2.3249824,0.7855697,0.039995115,0.040001668,0.0,0.0,nan,0,0.0,0.0,nan,0
2.34,approach,2.34,0.35,-0.15,0.01997057,0.0,0.0,0.0,1.0,0.0,0.0,0.0,0.01287667154060632,0,0.0,256,0,-1,-0.0010098683,0.03325495,-0.3596228,-2.591444,-0.16075635,2.3269038,0.7855695,0.03999507,0.040001683,0.0,0.0,nan,0,0.0,0.0,nan,0
2.35,approach,2.35,0.35,-0.15,0.01997057,0.0,0.0,0.0,1.0,0.0,0.0,0.0,0.012865749607820904,0,0.0,256,0,-1,-0.0009346171,0.036569834,-0.3592026,-2.590988,-0.16100839,2.328818,0.78556925,0.039995026,0.040001698,0.0,0.0,nan,0,0.0,0.0,nan,0
2.36,approach,2.36,0.35,-0.15,0.01997057,0.0,0.0,0.0,1.0,0.0,0.0,0.0,0.012856229814377508,0,0.0,256,0,-1,-0.000886112,0.03988614,-0.35875583,-2.5905282,-0.16124885,2.3307264,0.785569,0.03999498,0.040001713,0.0,0.0,nan,0,0.0,0.0,nan,0
2.37,approach,2.37,0.35,-0.15,0.01997057,0.0,0.0,0.0,1.0,0.0,0.0,0.0,0.012847024530711775,0,0.0,256,0,-1,-0.000858619,0.043203622,-0.3582881,-2.590066,-0.16148019,2.3326302,0.7855688,0.039994933,0.04000173,0.0,0.0,nan,0,0.0,0.0,nan,0
2.38,approach,2.38,0.35,-0.15,0.01997057,0.0,0.0,0.0,1.0,0.0,0.0,0.0,0.01283756486809151,0,0.0,256,0,-1,-0.0008476341,0.046522066,-0.35780385,-2.5896015,-0.16170438,2.3345304,0.78556854,0.03999488,0.04000175,0.0,0.0,nan,0,0.0,0.0,nan,0
2.39,approach,2.39,0.35,-0.15,0.01997057,0.0,0.0,0.0,1.0,0.0,0.0,0.0,0.01282764498716863,0,0.0,256,0,-1,-0.0008496194,0.04984128,-0.35730648,-2.5891354,-0.16192292,2.3364277,0.7855683,0.03999483,0.040001765,0.0,0.0,nan,0,0.0,0.0,nan,0
2.4,approach,2.4,0.35,-0.15,0.01997057,0.0,0.0,0.0,1.0,0.0,0.0,0.0,0.01281722756691211,0,0.0,256,0,-1,-0.0008617996,0.053161114,-0.35679883,-2.5886679,-0.16213702,2.3383226,0.78556806,0.039994776,0.040001784,0.0,0.0,nan,0,0.0,0.0,nan,0
2.41,approach,2.41,0.35,-0.15,0.01997057,0.0,0.0,0.0,1.0,0.0,0.0,0.0,0.012806110840715068,0,0.0,256,0,-1,-0.0008819955,0.05648143,-0.35628307,-2.5881994,-0.16234763,2.3402162,0.7855678,0.039994724,0.0400018,0.0,0.0,nan,0,0.0,0.0,nan,0
2.42,approach,2.42,0.35,-0.15,0.01997057,0.0,0.0,0.0,1.0,0.0,0.0,0.0,0.012794817827884776,0,0.0,256,0,-1,-0.0009084951,0.05980212,-0.35576087,-2.5877304,-0.16255549,2.342108,0.7855676,0.039994672,0.040001817,0.0,0.0,nan,0,0.0,0.0,nan,0
2.43,approach,2.43,0.35,-0.15,0.01997057,0.0,0.0,0.0,1.0,0.0,0.0,0.0,0.01278299440225307,0,0.0,256,0,-1,-0.000939951,0.06312311,-0.35523364,-2.5872607,-0.16276118,2.343999,0.78556734,0.039994624,0.040001832,0.0,0.0,nan,0,0.0,0.0,nan,0
2.44,approach,2.44,0.35,-0.15,0.01997057,0.0,0.0,0.0,1.0,0.0,0.0,0.0,0.012770900332395932,0,0.0,256,0,-1,-0.00097530533,0.066444315,-0.35470244,-2.5867906,-0.16296518,2.3458889,0.7855671,0.039994575,0.040001847,0.0,0.0,nan,0,0.0,0.0,nan,0
2.45,approach,2.45,0.35,-0.15,0.01997057,0.0,0.0,0.0,1.0,0.0,0.0,0.0,0.012758470429190007,0,0.0,256,0,-1,-0.0010137281,0.06976569,-0.35416812,-2.5863202,-0.16316783,2.3477783,0.7855668,0.039994527,0.040001865,0.0,0.0,nan,0,0.0,0.0,nan,0
2.46,approach,2.46,0.35,-0.15,0.01997057,0.0,0.0,0.0,1.0,0.0,0.0,0.0,0.012745958624971255,0,0.0,256,0,-1,-0.0010545638,0.073087186,-0.35363132,-2.5858495,-0.16336943,2.349667,0.78556657,0.039994482,0.04000188,0.0,0.0,nan,0,0.0,0.0,nan,0
2.47,approach,2.47,0.35,-0.15,0.01997057,0.0,0.0,0.0,1.0,0.0,0.0,0.0,0.012733218701817485,0,0.0,256,0,-1,-0.0010972988,0.07640877,-0.35309258,-2.5853784,-0.16357021,2.3515553,0.7855663,0.039994434,0.040001895,0.0,0.0,nan,0,0.0,0.0,nan,0
2.48,approach,2.48,0.35,-0.15,0.01997057,0.0,0.0,0.0,1.0,0.0,0.0,0.0,0.01272037048604815,0,0.0,256,0,-1,-0.0011415276,0.079730414,-0.3525523,-2.5849073,-0.16377033,2.3534434,0.785566,0.03999439,0.04000191,0.0,0.0,nan,0,0.0,0.0,nan,0
2.49,approach,2.49,0.35,-0.15,0.01997057,0.0,0.0,0.0,1.0,0.0,0.0,0.0,0.012707385879910563,0,0.0,256,0,-1,-0.001186931,0.083052084,-0.35201082,-2.584436,-0.16396993,2.3553312,0.78556573,0.03999434,0.040001925,0.0,0.0,nan,0,0.0,0.0,nan,0
2.5,approach,2.5,0.35,-0.15,0.01997057,0.0,0.0,0.0,1.0,0.0,0.0,0.0,0.012694313533321035,0,0.0,256,0,-1,-0.0012332594,0.08637377,-0.3514684,-2.5839643,-0.16416913,2.3572187,0.7855654,0.039994296,0.04000194,0.0,0.0,nan,0,0.0,0.0,nan,0
2.5100000000000002,approach,2.5100000000000002,0.35,-0.15,0.01997057,0.0,0.0,0.0,1.0,0.0,0.0,0.0,0.012681284353246723,0,0.0,256,0,-1,-0.0012803184,0.08969545,-0.35092527,-2.5834928,-0.164368,2.359106,0.78556514,0.03999425,0.04000196,0.0,0.0,nan,0,0.0,0.0,nan,0
2.52,approach,2.52,0.35,-0.15,0.01997057,0.0,0.0,0.0,1.0,0.0,0.0,0.0,0.012668181200884964,0,0.0,256,0,-1,-0.0013279497,0.09301713,-0.35038155,-2.5830212,-0.16456664,2.3609934,0.7855649,0.039994206,0.040001974,0.0,0.0,nan,0,0.0,0.0,nan,0
2.5300000000000002,approach,2.5300000000000002,0.35,-0.15,0.01997057,0.0,0.0,0.0,1.0,0.0,0.0,0.0,0.012655028086644782,0,0.0,256,0,-1,-0.0013760336,0.09633879,-0.3498374,-2.5825496,-0.16476506,2.3628807,0.78556454,0.03999416,0.04000199,0.0,0.0,nan,0,0.0,0.0,nan,0
2.54,approach,2.54,0.35,-0.15,0.01997057,0.0,0.0,0.0,1.0,0.0,0.0,0.0,0.012641980711239818,0,0.0,256,0,-1,-0.0014244729,0.09966045,-0.34929287,-2.582078,-0.16496333,2.3647678,0.7855643,0.039994117,0.040002003,0.0,0.0,nan,0,0.0,0.0,nan,0
2.5500000000000003,approach,2.5500000000000003,0.35,-0.15,0.01997057,0.0,0.0,0.0,1.0,0.0,0.0,0.0,0.012628974014702539,0,0.0,256,0,-1,-0.0014731915,0.102982074,-0.3487481,-2.5816061,-0.16516149,2.3666546,0.78556406,0.039994072,0.04000202,0.0,0.0,nan,0,0.0,0.0,nan,0
2.56,approach,2.56,0.35,-0.15,0.01997057,0.0,0.0,0.0,1.0,0.0,0.0,0.0,0.012615869823563665,0,0.0,256,0,-1,-0.0015221309,0.10630366,-0.34820306,-2.581134,-0.16535954,2.3685415,0.7855637,0.039994027,0.040002033,0.0,0.0,nan,0,0.0,0.0,nan,0
2.57,approach,2.57,0.35,-0.15,0.01997057,0.0,0.0,0.0,1.0,0.0,0.0,0.0,0.012602776363974695,0,0.0,256,0,-1,-0.001571241,0.10962521,-0.3476579,-2.580662,-0.1655575,2.3704283,0.78556347,0.039993983,0.040002048,0.0,0.0,nan,0,0.0,0.0,nan,0
2.58,approach,2.58,0.35,-0.15,0.01997057,0.0,0.0,0.0,1.0,0.0,0.0,0.0,0.012589696578764357,0,0.0,256,0,-1,-0.0016204882,0.11294672,-0.34711257,-2.58019,-0.16575542,2.3723152,0.78556323,0.039993938,0.040002063,0.0,0.0,nan,0,0.0,0.0,nan,0
2.59,approach,2.59,0.35,-0.15,0.01997057,0.0,0.0,0.0,1.0,0.0,0.0,0.0,0.012576640554406838,0,0.0,256,0,-1,-0.0016698432,0.11626818,-0.34656715,-2.5797179,-0.1659533,2.374202,0.7855629,0.039993893,0.040002078,0.0,0.0,nan,0,0.0,0.0,nan,0
2.6,approach,2.6,0.35,-0.15,0.01997057,0.0,0.0,0.0,1.0,0.0,0.0,0.0,0.012563598863522943,0,0.0,256,0,-1,-0.0017192806,0.11958961,-0.34602165,-2.5792458,-0.16615112,2.3760889,0.78556263,0.03999385,0.040002093,0.0,0.0,nan,0,0.0,0.0,nan,0
2.61,approach,2.61,0.35,-0.15,0.01997057,0.0,0.0,0.0,1.0,0.0,0.0,0.0,0.012550585494461482,0,0.0,256,0,-1,-0.0017687851,0.122911,-0.3454761,-2.5787737,-0.16634892,2.3779757,0.78556234,0.039993804,0.040002108,0.0,0.0,nan,0,0.0,0.0,nan,0
2.62,approach,2.62,0.35,-0.15,0.01997057,0.0,0.0,0.0,1.0,0.0,0.0,0.0,0.012537599573040709,0,0.0,256,0,-1,-0.001818342,0.12623236,-0.34493053,-2.5783017,-0.1665467,2.3798625,0.78556204,0.03999376,0.040002123,0.0,0.0,nan,0,0.0,0.0,nan,0
2.63,approach,2.63,0.35,-0.15,0.01997057,0.0,0.0,0.0,1.0,0.0,0.0,0.0,0.012524646302786444,0,0.0,256,0,-1,-0.0018679415,0.12955366,-0.3443849,-2.5778296,-0.16674447,2.3817494,0.7855618,0.039993715,0.040002137,0.0,0.0,nan,0,0.0,0.0,nan,0
2.64,approach,2.64,0.35,-0.15,0.01997057,0.0,0.0,0.0,1.0,0.0,0.0,0.0,0.01251172082122666,0,0.0,256,0,-1,-0.0019175736,0.13287494,-0.3438393,-2.5773575,-0.16694222,2.3836362,0.7855615,0.03999367,0.040002152,0.0,0.0,nan,0,0.0,0.0,nan,0
2.65,approach,2.65,0.35,-0.15,0.01997057,0.0,0.0,0.0,1.0,0.0,0.0,0.0,0.012498842587140783,0,0.0,256,0,-1,-0.001967231,0.13619615,-0.34329367,-2.5768855,-0.16713996,2.385523,0.7855612,0.039993633,0.040002163,0.0,0.0,nan,0,0.0,0.0,nan,0
2.66,approach,2.66,0.35,-0.15,0.01997057,0.0,0.0,0.0,1.0,0.0,0.0,0.0,0.012486001038903467,0,0.0,256,0,-1,-0.0020169104,0.13951732,-0.34274805,-2.5764134,-0.1673377,2.38741,0.78556097,0.03999359,0.04000218,0.0,0.0,nan,0,0.0,0.0,nan,0
2.67,approach,2.67,0.35,-0.15,0.01997057,0.0,0.0,0.0,1.0,0.0,0.0,0.0,0.012473197180440283,0,0.0,256,0,-1,-0.0020666053,0.14283845,-0.34220243,-2.5759413,-0.16753542,2.3892968,0.78556067,0.039993554,0.04000219,0.0,0.0,nan,0,0.0,0.0,nan,0
2.68,approach,2.68,0.35,-0.15,0.01997057,0.0,0.0,0.0,1.0,0.0,0.0,0.0,0.012460431005300282,0,0.0,256,0,-1,-0.0021163127,0.14615953,-0.3416568,-2.5754693,-0.16773313,2.3911836,0.78556037,0.039993513,0.040002204,0.0,0.0,nan,0,0.0,0.0,nan,0
2.69,approach,2.69,0.35,-0.15,0.01997057,0.0,0.0,0.0,1.0,0.0,0.0,0.0,0.012447515620803436,0,0.0,256,0,-1,-0.0021660307,0.14948057,-0.34111118,-2.5749967,-0.16793084,2.3930705,0.78556013,0.039993476,0.040002216,0.0,0.0,nan,0,0.0,0.0,nan,0
2.7,approach,2.7,0.35,-0.15,0.01997057,0.0,0.0,0.0,1.0,0.0,0.0,0.0,0.012434647158561346,0,0.0,256,0,-1,-0.0022157547,0.15280154,-0.34056556,-2.5745242,-0.16812855,2.3949573,0.7855598,0.03999344,0.04000223,0.0,0.0,nan,0,0.0,0.0,nan,0
2.71,approach,2.71,0.35,-0.15,0.01997057,0.0,0.0,0.0,1.0,0.0,0.0,0.0,0.012193532447436987,0,0.0,256,0,-1,-0.0022372387,0.15610105,-0.34005195,-2.5740373,-0.16829525,2.3968165,0.78555954,0.039993368,0.040002264,0.0,0.0,nan,0,0.0,0.0,nan,0
2.72,approach,2.72,0.35,-0.15,0.01997057,0.0,0.0,0.0,1.0,0.0,0.0,0.0,0.01200755958183676,0,0.0,256,0,-1,-0.0022268672,0.15935713,-0.3395792,-2.5735216,-0.1684245,2.3986437,0.7855593,0.039993268,0.040002316,0.0,0.0,nan,0,0.0,0.0,nan,0
2.73,approach,2.73,0.35,-0.15,0.01997057,0.0,0.0,0.0,1.0,0.0,0.0,0.0,0.011865306377808782,0,0.0,256,0,-1,-0.0021927312,0.16256693,-0.33914062,-2.5729742,-0.16852394,2.4004471,0.7855592,0.039993167,0.040002357,0.0,0.0,nan,0,0.0,0.0,nan,0
2.74,approach,2.74,0.35,-0.15,0.01997057,0.0,0.0,0.0,1.0,0.0,0.0,0.0,0.011756025204762608,0,0.0,256,0,-1,-0.0021405492,0.16573527,-0.33872977,-2.5723977,-0.16859983,2.4022324,0.78555906,0.03999308,0.040002383,0.0,0.0,nan,0,0.0,0.0,nan,0
2.75,approach,2.75,0.35,-0.15,0.01997057,0.0,0.0,0.0,1.0,0.0,0.0,0.0,0.011671424886683442,0,0.0,256,0,-1,-0.002074384,0.1688694,-0.33834106,-2.5717974,-0.16865717,2.4040036,0.78555894,0.039993018,0.040002394,0.0,0.0,nan,0,0.0,0.0,nan,0
2.7600000000000002,approach,2.7600000000000002,0.35,-0.15,0.01997057,0.0,0.0,0.0,1.0,0.0,0.0,0.0,0.011605146598158287,0,0.0,256,0,-1,-0.0019972145,0.17197667,-0.3379698,-2.5711782,-0.16869989,2.4057636,0.7855588,0.039992977,0.040002394,0.0,0.0,nan,0,0.0,0.0,nan,0
2.77,approach,2.77,0.35,-0.15,0.01997057,0.0,0.0,0.0,1.0,0.0,0.0,0.0,0.011552242846625283,0,0.0,256,0,-1,-0.0019112895,0.1750635,-0.33761218,-2.5705447,-0.16873112,2.407515,0.7855587,0.03999295,0.040002387,0.0,0.0,nan,0,0.0,0.0,nan,0
2.7800000000000002,approach,2.7800000000000002,0.35,-0.15,0.01997057,0.0,0.0,0.0,1.0,0.0,0.0,0.0,0.01150961461632577,0,0.0,256,0,-1,-0.0018183456,0.17813519,-0.33726516,-2.569901,-0.16875333,2.4092593,0.7855586,0.039992932,0.040002383,0.0,0.0,nan,0,0.0,0.0,nan,0
2.79,approach,2.79,0.35,-0.15,0.01997057,0.0,0.0,0.0,1.0,0.0,0.0,0.0,0.011474449419032359,0,0.0,256,0,-1,-0.0017197554,0.18119581,-0.33692634,-2.5692494,-0.16876842,2.4109979,0.78555846,0.039992917,0.040002383,0.0,0.0,nan,0,0.0,0.0,nan,0
2.8000000000000003,approach,2.8000000000000003,0.35,-0.15,0.01997057,0.0,0.0,0.0,1.0,0.0,0.0,0.0,0.011445048744289059,0,0.0,256,0,-1,-0.0016166157,0.18424845,-0.33659384,-2.5685925,-0.16877794,2.412732,0.78555834,0.039992902,0.040002383,0.0,0.0,nan,0,0.0,0.0,nan,0
2.81,approach,2.81,0.35,-0.15,0.01997057,0.0,0.0,0.0,1.0,0.0,0.0,0.0,0.011420041743161849,0,0.0,256,0,-1,-0.0015098095,0.1872954,-0.33626622,-2.567932,-0.16878308,2.414462,0.7855582,0.039992888,0.040002383,0.0,0.0,nan,0,0.0,0.0,nan,0
2.82,approach,2.82,0.35,-0.15,0.01997057,0.0,0.0,0.0,1.0,0.0,0.0,0.0,0.011398268855729537,0,0.0,256,0,-1,-0.0014000509,0.19033834,-0.3359424,-2.5672686,-0.16878477,2.4161894,0.78555816,0.039992873,0.040002387,0.0,0.0,nan,0,0.0,0.0,nan,0
2.83,approach,2.83,0.35,-0.15,0.01997057,0.0,0.0,0.0,1.0,0.0,0.0,0.0,0.011378815484405625,0,0.0,256,0,-1,-0.0012879212,0.19337845,-0.33562145,-2.5666034,-0.16878375,2.4179146,0.78555816,0.039992858,0.040002394,0.0,0.0,nan,0,0.0,0.0,nan,0
2.84,approach,2.84,0.35,-0.15,0.01997057,0.0,0.0,0.0,1.0,0.0,0.0,0.0,0.011361321583052643,0,0.0,256,0,-1,-0.0011738882,0.19641656,-0.33530277,-2.565937,-0.16878062,2.419638,0.7855581,0.039992843,0.040002402,0.0,0.0,nan,0,0.0,0.0,nan,0
2.85,approach,2.85,0.35,-0.15,0.01997057,0.0,0.0,0.0,1.0,0.0,0.0,0.0,0.011345344600715674,0,0.0,256,0,-1,-0.0010583341,0.19945328,-0.33498582,-2.5652697,-0.16877581,2.4213595,0.78555804,0.039992824,0.04000241,0.0,0.0,nan,0,0.0,0.0,nan,0
2.86,approach,2.86,0.35,-0.15,0.01997057,0.0,0.0,0.0,1.0,0.0,0.0,0.0,0.011330387500834252,0,0.0,256,0,-1,-0.00094156316,0.20248903,-0.33467022,-2.564602,-0.16876969,2.4230802,0.785558,0.0399928,0.040002417,0.0,0.0,nan,0,0.0,0.0,nan,0
2.87,approach,2.87,0.35,-0.15,0.01997057,0.0,0.0,0.0,1.0,0.0,0.0,0.0,0.011316265979266922,0,0.0,256,0,-1,-0.0008238226,0.2055241,-0.33435568,-2.5639336,-0.16876253,2.4248,0.7855579,0.03999278,0.040002424,0.0,0.0,nan,0,0.0,0.0,nan,0
2.88,approach,2.88,0.35,-0.15,0.01997057,0.0,0.0,0.0,1.0,0.0,0.0,0.0,0.011302967655490404,0,0.0,256,0,-1,-0.0007053125,0.20855868,-0.33404198,-2.563265,-0.16875458,2.4265187,0.78555787,0.039992757,0.04000243,0.0,0.0,nan,0,0.0,0.0,nan,0
2.89,approach,2.89,0.35,-0.15,0.01997057,0.0,0.0,0.0,1.0,0.0,0.0,0.0,0.011290214544194837,0,0.0,256,0,-1,-0.00058619224,0.2115929,-0.3337289,-2.5625966,-0.16874596,2.428237,0.7855578,0.03999273,0.040002443,0.0,0.0,nan,0,0.0,0.0,nan,0
2.9,approach,2.9,0.35,-0.15,0.01997057,0.0,0.0,0.0,1.0,0.0,0.0,0.0,0.01127768858017957,0,0.0,256,0,-1,-0.00046658618,0.2146269,-0.3334163,-2.5619276,-0.16873686,2.4299548,0.78555775,0.0399927,0.040002454,0.0,0.0,nan,0,0.0,0.0,nan,0
2.91,approach,2.91,0.35,-0.15,0.01997057,0.0,0.0,0.0,1.0,0.0,0.0,0.0,0.011265603220010674,0,0.0,256,0,-1,-0.00034659394,0.2176607,-0.33310413,-2.5612586,-0.16872735,2.431672,0.7855577,0.03999267,0.040002465,0.0,0.0,nan,0,0.0,0.0,nan,0
2.92,approach,2.92,0.35,-0.15,0.01997057,0.0,0.0,0.0,1.0,0.0,0.0,0.0,0.011253765535462661,0,0.0,256,0,-1,-0.0002262982,0.22069436,-0.33279225,-2.5605896,-0.16871753,2.4333892,0.7855576,0.03999264,0.040002473,0.0,0.0,nan,0,0.0,0.0,nan,0
2.93,approach,2.93,0.35,-0.15,0.01997057,0.0,0.0,0.0,1.0,0.0,0.0,0.0,0.01124216489719001,0,0.0,256,0,-1,-0.00010576265,0.22372791,-0.3324806,-2.5599205,-0.16870748,2.435106,0.7855576,0.03999261,0.040002484,0.0,0.0,nan,0,0.0,0.0,nan,0
2.94,approach,2.94,0.35,-0.15,0.01997057,0.0,0.0,0.0,1.0,0.0,0.0,0.0,0.011230783859917487,0,0.0,256,0,-1,1.4962249e-05,0.22676137,-0.33216918,-2.5592515,-0.16869722,2.4368227,0.7855575,0.039992582,0.040002495,0.0,0.0,nan,0,0.0,0.0,nan,0
2.95,approach,2.95,0.35,-0.15,0.01997057,0.0,0.0,0.0,1.0,0.0,0.0,0.0,0.011219458519654732,0,0.0,256,0,-1,0.00013583567,0.22979476,-0.3318579,-2.5585825,-0.16868682,2.4385393,0.78555745,0.039992552,0.040002506,0.0,0.0,nan,0,0.0,0.0,nan,0
2.96,approach,2.96,0.35,-0.15,0.01997057,0.0,0.0,0.0,1.0,0.0,0.0,0.0,0.01120817896082243,0,0.0,256,0,-1,0.00025682774,0.23282808,-0.33154672,-2.5579135,-0.1686763,2.4402559,0.78555745,0.039992522,0.040002514,0.0,0.0,nan,0,0.0,0.0,nan,0
2.97,approach,2.97,0.35,-0.15,0.01997057,0.0,0.0,0.0,1.0,0.0,0.0,0.0,0.011197249116341642,0,0.0,256,0,-1,0.00037791155,0.23586135,-0.33123565,-2.5572445,-0.16866568,2.441972,0.7855574,0.039992493,0.040002525,0.0,0.0,nan,0,0.0,0.0,nan,0
2.98,approach,2.98,0.35,-0.15,0.01997057,0.0,0.0,0.0,1.0,0.0,0.0,0.0,0.011186241193104492,0,0.0,256,0,-1,0.0004990696,0.23889457,-0.33092466,-2.5565753,-0.168655,2.4436882,0.7855573,0.039992463,0.040002536,0.0,0.0,nan,0,0.0,0.0,nan,0
2.99,approach,2.99,0.35,-0.15,0.01997057,0.0,0.0,0.0,1.0,0.0,0.0,0.0,0.011175268847325552,0,0.0,256,0,-1,0.0006202859,0.24192774,-0.33061373,-2.555906,-0.16864425,2.4454043,0.78555727,0.039992433,0.040002543,0.0,0.0,nan,0,0.0,0.0,nan,0
3.0,approach,3.0,0.35,-0.15,0.01997057,0.0,0.0,0.0,1.0,0.0,0.0,0.0,0.011164338937838617,0,0.0,256,0,-1,0.0007415473,0.24496086,-0.33030283,-2.5552368,-0.16863345,2.4471204,0.7855572,0.039992403,0.040002555,0.0,0.0,nan,0,0.0,0.0,nan,0
3.0100000000000002,approach,3.0100000000000002,0.35,-0.15,0.01997057,0.0,0.0,0.0,1.0,0.0,0.0,0.0,0.011153330431337089,0,0.0,256,0,-1,0.00086284534,0.24799393,-0.329992,-2.5545673,-0.16862261,2.4488366,0.78555715,0.039992373,0.040002562,0.0,0.0,nan,0,0.0,0.0,nan,0
3.02,approach,3.02,0.35,-0.15,0.01997057,0.0,0.0,0.0,1.0,0.0,0.0,0.0,0.01114247168197021,0,0.0,256,0,-1,0.0009841714,0.25102696,-0.3296812,-2.553898,-0.16861175,2.4505527,0.78555715,0.039992344,0.040002573,0.0,0.0,nan,0,0.0,0.0,nan,0
3.0300000000000002,approach,3.0300000000000002,0.35,-0.15,0.01997057,0.0,0.0,0.0,1.0,0.0,0.0,0.0,0.01113164792730375,0,0.0,256,0,-1,0.0011055189,0.25405994,-0.3293704,-2.5532289,-0.16860087,2.4522688,0.78555703,0.039992314,0.040002584,0.0,0.0,nan,0,0.0,0.0,nan,0
3.04,approach,3.04,0.35,-0.15,0.01997057,0.0,0.0,0.0,1.0,0.0,0.0,0.0,0.011120735189171439,0,0.0,256,0,-1,0.0012268844,0.2570929,-0.32905966,-2.5525594,-0.16858996,2.453985,0.785557,0.039992284,0.040002592,0.0,0.0,nan,0,0.0,0.0,nan,0
3.0500000000000003,approach,3.0500000000000003,0.35,-0.15,0.01997057,0.0,0.0,0.0,1.0,0.0,0.0,0.0,0.011109866568285838,0,0.0,256,0,-1,0.0013482629,0.2601258,-0.32874894,-2.55189,-0.16857906,2.455701,0.785557,0.039992254,0.040002603,0.0,0.0,nan,0,0.0,0.0,nan,0
3.06,approach,3.06,0.35,-0.15,0.01997057,0.0,0.0,0.0,1.0,0.0,0.0,0.0,0.011099251948390993,0,0.0,256,0,-1,0.0014696514,0.26315865,-0.32843822,-2.551221,-0.16856812,2.4574172,0.7855569,0.039992224,0.04000261,0.0,0.0,nan,0,0.0,0.0,nan,0
3.0700000000000003,approach,3.0700000000000003,0.35,-0.15,0.01997057,0.0,0.0,0.0,1.0,0.0,0.0,0.0,0.011088434153855166,0,0.0,256,0,-1,0.0015910488,0.26619148,-0.32812753,-2.5505514,-0.16855718,2.4591334,0.78555685,0.039992195,0.04000262,0.0,0.0,nan,0,0.0,0.0,nan,0
3.08,approach,3.08,0.35,-0.15,0.01997057,0.0,0.0,0.0,1.0,0.0,0.0,0.0,0.011077660665417826,0,0.0,256,0,-1,0.001712452,0.26922426,-0.32781687,-2.549882,-0.16854624,2.4608495,0.7855568,0.03999217,0.04000263,0.0,0.0,nan,0,0.0,0.0,nan,0
3.09,approach,3.09,0.35,-0.15,0.01997057,0.0,0.0,0.0,1.0,0.0,0.0,0.0,0.01106702640672601,0,0.0,256,0,-1,0.0018338611,0.272257,-0.3275062,-2.5492127,-0.1685353,2.4625657,0.78555673,0.03999214,0.04000264,0.0,0.0,nan,0,0.0,0.0,nan,0
3.1,approach,3.1,0.35,-0.15,0.01997057,0.0,0.0,0.0,1.0,0.0,0.0,0.0,0.011056301927041,0,0.0,256,0,-1,0.0019552743,0.2752897,-0.32719555,-2.5485432,-0.16852437,2.4642818,0.7855567,0.039992113,0.040002648,0.0,0.0,nan,0,0.0,0.0,nan,0
3.11,approach,3.11,0.35,-0.15,0.01997057,0.0,0.0,0.0,1.0,0.0,0.0,0.0,0.011045621510501329,0,0.0,256,0,-1,0.002076691,0.27832237,-0.32688493,-2.5478737,-0.16851342,2.465998,0.7855567,0.039992083,0.04000266,0.0,0.0,nan,0,0.0,0.0,nan,0
3.12,approach,3.12,0.35,-0.15,0.01997057,0.0,0.0,0.0,1.0,0.0,0.0,0.0,0.011035122593710934,0,0.0,256,0,-1,0.0021981096,0.281355,-0.32657433,-2.5472043,-0.16850245,2.4677138,0.78555655,0.039992057,0.040002666,0.0,0.0,nan,0,0.0,0.0,nan,0
3.13,approach,3.13,0.35,-0.15,0.01997057,0.0,0.0,0.0,1.0,0.0,0.0,0.0,0.011024511068750366,0,0.0,256,0,-1,0.0023195292,0.28438756,-0.32626373,-2.5465348,-0.16849148,2.46943,0.7855565,0.03999203,0.040002678,0.0,0.0,nan,0,0.0,0.0,nan,0
3.14,approach,3.14,0.35,-0.15,0.01997057,0.0,0.0,0.0,1.0,0.0,0.0,0.0,0.01101392405414669,0,0.0,256,0,-1,0.00244095,0.2874201,-0.32595313,-2.5458653,-0.16848052,2.471146,0.7855565,0.039992,0.040002685,0.0,0.0,nan,0,0.0,0.0,nan,0
3.15,approach,3.15,0.35,-0.15,0.01997057,0.0,0.0,0.0,1.0,0.0,0.0,0.0,0.011003516811212522,0,0.0,256,0,-1,0.0025623734,0.2904526,-0.32564253,-2.5451958,-0.16846956,2.472862,0.78555644,0.039991975,0.040002692,0.0,0.0,nan,0,0.0,0.0,nan,0
3.16,approach,3.16,0.35,-0.15,0.01997057,0.0,0.0,0.0,1.0,0.0,0.0,0.0,0.010993151573195229,0,0.0,256,0,-1,0.0026837992,0.29348505,-0.32533193,-2.5445263,-0.1684586,2.474578,0.7855563,0.03999195,0.040002704,0.0,0.0,nan,0,0.0,0.0,nan,0
3.17,approach,3.17,0.35,-0.15,0.01997057,0.0,0.0,0.0,1.0,0.0,0.0,0.0,0.01098265562502034,0,0.0,256,0,-1,0.0028052262,0.29651746,-0.32502133,-2.5438569,-0.16844763,2.476294,0.7855563,0.039991923,0.04000271,0.0,0.0,nan,0,0.0,0.0,nan,0
3.18,approach,3.18,0.35,-0.15,0.01997057,0.0,0.0,0.0,1.0,0.0,0.0,0.0,0.010972344214703788,0,0.0,256,0,-1,0.0029266535,0.29954985,-0.3247108,-2.5431874,-0.16843666,2.47801,0.78555626,0.039991897,0.040002722,0.0,0.0,nan,0,0.0,0.0,nan,0
3.19,approach,3.19,0.35,-0.15,0.01997057,0.0,0.0,0.0,1.0,0.0,0.0,0.0,0.010961919436217729,0,0.0,256,0,-1,0.0030480789,0.30258217,-0.32440025,-2.542518,-0.16842571,2.479726,0.7855562,0.03999187,0.04000273,0.0,0.0,nan,0,0.0,0.0,nan,0
3.2,approach,3.2,0.35,-0.15,0.01997057,0.0,0.0,0.0,1.0,0.0,0.0,0.0,0.010951536381946538,0,0.0,256,0,-1,0.0031695047,0.30561444,-0.3240897,-2.5418484,-0.16841476,2.4814422,0.78555614,0.039991844,0.040002737,0.0,0.0,nan,0,0.0,0.0,nan,0
3.21,approach,3.21,0.35,-0.15,0.01997057,0.0,0.0,0.0,1.0,0.0,0.0,0.0,0.008241576951026572,0,0.0,256,0,-1,0.00328923,0.3083621,-0.32380182,-2.5412993,-0.16840549,2.482896,0.78555566,0.039922312,0.039934255,0.0,0.0,nan,0,0.0,0.0,nan,0
3.22,approach,3.22,0.35,-0.15,0.01997057,0.0,0.0,0.0,1.0,0.0,0.0,0.0,0.006424786338848762,0,0.0,256,0,-1,0.0033943611,0.31061125,-0.32355917,-2.5409083,-0.16839924,2.4840355,0.78555524,0.039749164,0.03976253,0.0,0.0,nan,0,0.0,0.0,nan,0
3.23,approach,3.23,0.35,-0.15,0.01997057,0.0,0.0,0.0,1.0,0.0,0.0,0.0,0.005451463512298073,0,0.0,256,0,-1,0.0034783909,0.31238103,-0.32336572,-2.5406184,-0.16839492,2.48493,0.78555506,0.039489064,0.039503817,0.0,0.0,nan,0,0.0,0.0,nan,0
3.24,approach,3.24,0.35,-0.15,0.01997057,0.0,0.0,0.0,1.0,0.0,0.0,0.0,0.005118167082249508,0,0.0,256,0,-1,0.003541416,0.31374326,-0.32321727,-2.5403874,-0.16839156,2.485635,0.785555,0.039160654,0.03917653,0.0,0.0,nan,0,0.0,0.0,nan,0
3.25,approach,3.25,0.35,-0.15,0.01997057,0.0,0.0,0.0,1.0,0.0,0.0,0.0,0.005150102602995047,0,0.0,256,0,-1,0.0035864192,0.31477663,-0.32310647,-2.540193,-0.16838866,2.486192,0.785555,0.03877913,0.03879581,0.0,0.0,nan,0,0.0,0.0,nan,0
3.2600000000000002,approach,3.2600000000000002,0.35,-0.15,0.01997057,0.0,0.0,0.0,1.0,0.0,0.0,0.0,0.005329917163356569,0,0.0,256,0,-1,0.003617191,0.31555262,-0.32302544,-2.540025,-0.16838607,2.4866328,0.78555506,0.03835634,0.038373534,0.0,0.0,nan,0,0.0,0.0,nan,0
3.27,approach,3.27,0.35,-0.15,0.01997057,0.0,0.0,0.0,1.0,0.0,0.0,0.0,0.005539988874012614,0,0.0,256,0,-1,0.0036373336,0.3161312,-0.32296717,-2.5398788,-0.16838372,2.486982,0.7855552,0.037901506,0.037918974,0.0,0.0,nan,0,0.0,0.0,nan,0
3.2800000000000002,approach,3.2800000000000002,0.35,-0.15,0.01997057,0.0,0.0,0.0,1.0,0.0,0.0,0.0,0.0057310308029150814,0,0.0,256,0,-1,0.0036498695,0.3165606,-0.3229258,-2.539752,-0.16838159,2.487259,0.7855553,0.037421763,0.037439346,0.0,0.0,nan,0,0.0,0.0,nan,0
3.29,approach,3.29,0.35,-0.15,0.01997057,0.0,0.0,0.0,1.0,0.0,0.0,0.0,0.005888383343849908,0,0.0,256,0,-1,0.0036571638,0.31687835,-0.32289675,-2.5396433,-0.16837971,2.4874783,0.78555536,0.036922667,0.036940254,0.0,0.0,nan,0,0.0,0.0,nan,0
3.3000000000000003,approach,3.3000000000000003,0.35,-0.15,0.01997057,0.0,0.0,0.0,1.0,0.0,0.0,0.0,0.006011414173469055,0,0.0,256,0,-1,0.0036609739,0.31711316,-0.32287648,-2.5395508,-0.16837807,2.487652,0.7855554,0.03640852,0.036426052,0.0,0.0,nan,0,0.0,0.0,nan,0
3.31,approach,3.31,0.35,-0.15,0.01997057,0.0,0.0,0.0,1.0,0.0,0.0,0.0,0.006105028847859186,0,0.0,256,0,-1,0.0036625601,0.31728664,-0.32286248,-2.5394733,-0.16837667,2.4877899,0.7855554,0.035882674,0.035900116,0.0,0.0,nan,0,0.0,0.0,nan,0
3.3200000000000003,approach,3.3200000000000003,0.35,-0.15,0.01997057,0.0,0.0,0.0,1.0,0.0,0.0,0.0,0.006174969762034416,0,0.0,256,0,-1,0.0036627927,0.31741497,-0.32285282,-2.5394087,-0.16837549,2.4878988,0.7855555,0.035347734,0.035365075,0.0,0.0,nan,0,0.0,0.0,nan,0
3.33,approach,3.33,0.35,-0.15,0.01997057,0.0,0.0,0.0,1.0,0.0,0.0,0.0,0.006226957400593728,0,0.0,256,0,-1,0.003662258,0.31751004,-0.3228462,-2.539356,-0.16837452,2.487985,0.78555554,0.034805723,0.034822963,0.0,0.0,nan,0,0.0,0.0,nan,0
3.34,approach,3.34,0.35,-0.15,0.01997057,0.0,0.0,0.0,1.0,0.0,0.0,0.0,0.006265159620622819,0,0.0,256,0,-1,0.0036613357,0.31758064,-0.32284167,-2.5393128,-0.16837373,2.4880528,0.78555554,0.034258217,0.034275368,0.0,0.0,nan,0,0.0,0.0,nan,0
3.35,approach,3.35,0.35,-0.15,0.01997057,0.0,0.0,0.0,1.0,0.0,0.0,0.0,0.006293247263887388,0,0.0,256,0,-1,0.0036602644,0.3176332,-0.32283857,-2.539278,-0.1683731,2.4881065,0.78555554,0.033706438,0.033723515,0.0,0.0,nan,0,0.0,0.0,nan,0
3.36,approach,3.36,0.35,-0.15,0.01997057,0.0,0.0,0.0,1.0,0.0,0.0,0.0,0.006313863002716522,0,0.0,256,0,-1,0.0036591855,0.31767246,-0.32283646,-2.5392501,-0.16837259,2.488149,0.7855556,0.03315134,0.033168353,0.0,0.0,nan,0,0.0,0.0,nan,0
3.37,approach,3.37,0.35,-0.15,0.01997057,0.0,0.0,0.0,1.0,0.0,0.0,0.0,0.006329086524002688,0,0.0,256,0,-1,0.0036581766,0.3177019,-0.322835,-2.539228,-0.16837218,2.4881823,0.7855556,0.032593664,0.03261062,0.0,0.0,nan,0,0.0,0.0,nan,0
3.38,approach,3.38,0.35,-0.15,0.01997057,0.0,0.0,0.0,1.0,0.0,0.0,0.0,0.0063402937726114265,0,0.0,256,0,-1,0.003657275,0.31772405,-0.322834,-2.5392103,-0.16837187,2.4882085,0.7855556,0.032033976,0.032050896,0.0,0.0,nan,0,0.0,0.0,nan,0
3.39,approach,3.39,0.35,-0.15,0.01997057,0.0,0.0,0.0,1.0,0.0,0.0,0.0,0.006348537953426598,0,0.0,256,0,-1,0.0036564944,0.31774077,-0.3228333,-2.5391963,-0.16837162,2.4882293,0.7855556,0.03147273,0.031489618,0.0,0.0,nan,0,0.0,0.0,nan,0
3.4,approach,3.4,0.35,-0.15,0.01997057,0.0,0.0,0.0,1.0,0.0,0.0,0.0,0.00635468629465277,0,0.0,256,0,-1,0.0036558346,0.3177534,-0.32283282,-2.5391853,-0.16837142,2.4882455,0.78555566,0.030910278,0.03092714,0.0,0.0,nan,0,0.0,0.0,nan,0
3.41,approach,3.41,0.35,-0.15,0.01997057,0.0,0.0,0.0,1.0,0.0,0.0,0.0,0.006359273531549013,0,0.0,256,0,-1,0.0036552835,0.317763,-0.3228325,-2.5391767,-0.16837126,2.4882584,0.78555566,0.030346885,0.030363727,0.0,0.0,nan,0,0.0,0.0,nan,0
3.42,approach,3.42,0.35,-0.15,0.01997057,0.0,0.0,0.0,1.0,0.0,0.0,0.0,0.0063627261859178635,0,0.0,256,0,-1,0.0036548292,0.3177703,-0.32283226,-2.53917,-0.16837114,2.4882684,0.78555566,0.02978276,0.029799588,0.0,0.0,nan,0,0.0,0.0,nan,0
3.43,approach,3.43,0.35,-0.15,0.01997057,0.0,0.0,0.0,1.0,0.0,0.0,0.0,0.006365297415086107,0,0.0,256,0,-1,0.0036544595,0.31777588,-0.32283208,-2.5391648,-0.16837105,2.4882765,0.78555566,0.029218068,0.029234886,0.0,0.0,nan,0,0.0,0.0,nan,0
3.44,approach,3.44,0.35,-0.15,0.01997057,0.0,0.0,0.0,1.0,0.0,0.0,0.0,0.006367258153938299,0,0.0,256,0,-1,0.003654161,0.31778014,-0.32283196,-2.5391607,-0.16837099,2.4882827,0.78555566,0.028652934,0.028669745,0.0,0.0,nan,0,0.0,0.0,nan,0
3.45,approach,3.45,0.35,-0.15,0.01997057,0.0,0.0,0.0,1.0,0.0,0.0,0.0,0.006368771281887436,0,0.0,256,0,-1,0.0036539212,0.31778342,-0.32283184,-2.5391576,-0.16837093,2.4882877,0.78555566,0.02808746,0.028104264,0.0,0.0,nan,0,0.0,0.0,nan,0
3.46,approach,3.46,0.35,-0.15,0.01997057,0.0,0.0,0.0,1.0,0.0,0.0,0.0,0.006369816118052499,0,0.0,256,0,-1,0.0036537303,0.31778592,-0.32283178,-2.539155,-0.1683709,2.4882917,0.78555566,0.027521718,0.02753852,0.0,0.0,nan,0,0.0,0.0,nan,0
3.47,approach,3.47,0.35,-0.15,0.01997057,0.0,0.0,0.0,1.0,0.0,0.0,0.0,0.006370678998546939,0,0.0,256,0,-1,0.0036535778,0.31778786,-0.32283172,-2.539153,-0.16837087,2.4882948,0.78555566,0.02695577,0.02697257,0.0,0.0,nan,0,0.0,0.0,nan,0
3.48,approach,3.48,0.35,-0.15,0.01997057,0.0,0.0,0.0,1.0,0.0,0.0,0.0,0.006371360005209797,0,0.0,256,0,-1,0.0036534567,0.31778935,-0.32283166,-2.5391517,-0.16837084,2.4882972,0.78555566,0.026389662,0.02640646,0.0,0.0,nan,0,0.0,0.0,nan,0
3.49,approach,3.49,0.35,-0.15,0.01997057,0.0,0.0,0.0,1.0,0.0,0.0,0.0,0.006371858358733288,0,0.0,256,0,-1,0.0036533617,0.3177905,-0.32283163,-2.5391505,-0.16837081,2.4882991,0.78555566,0.02582343,0.025840225,0.0,0.0,nan,0,0.0,0.0,nan,0
3.5,approach,3.5,0.35,-0.15,0.01997057,0.0,0.0,0.0,1.0,0.0,0.0,0.0,0.006372228099949257,0,0.0,256,0,-1,0.0036532849,0.3177914,-0.32283163,-2.5391495,-0.16837081,2.4883006,0.78555566,0.0252571,0.025273893,0.0,0.0,nan,0,0.0,0.0,nan,0
3.5100000000000002,approach,3.5100000000000002,0.35,-0.15,0.01997057,0.0,0.0,0.0,1.0,0.0,0.0,0.0,0.006372524954541407,0,0.0,256,0,-1,0.0036532232,0.3177921,-0.32283163,-2.5391488,-0.16837081,2.4883015,0.78555566,0.024690693,0.024707487,0.0,0.0,nan,0,0.0,0.0,nan,0
3.52,approach,3.52,0.35,-0.15,0.01997057,0.0,0.0,0.0,1.0,0.0,0.0,0.0,0.0063727535896966276,0,0.0,256,0,-1,0.0036531738,0.3177926,-0.32283163,-2.5391483,-0.16837081,2.4883025,0.78555566,0.024124231,0.024141023,0.0,0.0,nan,0,0.0,0.0,nan,0
3.5300000000000002,approach,3.5300000000000002,0.35,-0.15,0.01997057,0.0,0.0,0.0,1.0,0.0,0.0,0.0,0.0063728845936990635,0,0.0,256,0,-1,0.0036531352,0.31779298,-0.32283163,-2.5391479,-0.16837081,2.4883032,0.78555566,0.023557723,0.023574514,0.0,0.0,nan,0,0.0,0.0,nan,0
3.54,approach,3.54,0.35,-0.15,0.01997057,0.0,0.0,0.0,1.0,0.0,0.0,0.0,0.006372972324726259,0,0.0,256,0,-1,0.003653105,0.3177933,-0.32283163,-2.5391474,-0.16837081,2.4883037,0.78555566,0.022991177,0.02300797,0.0,0.0,nan,0,0.0,0.0,nan,0
3.5500000000000003,approach,3.5500000000000003,0.35,-0.15,0.01997057,0.0,0.0,0.0,1.0,0.0,0.0,0.0,0.006373073257075981,0,0.0,256,0,-1,0.003653082,0.31779355,-0.32283163,-2.5391471,-0.16837081,2.4883041,0.78555566,0.022424607,0.022441398,0.0,0.0,nan,0,0.0,0.0,nan,0
3.56,approach,3.56,0.3499584,-0.15019245,0.019997839,0.00014186016,-0.0004349505,-0.0017226891,0.9999984,0.0,0.0,0.0,0.0063685562598895795,0,0.00012834373046644032,256,0,-1,0.003672212,0.31778544,-0.322804,-2.5391495,-0.16836502,2.488305,0.7855533,0.02194611,0.0220522,5.806068323677543,1.2773350242876864,0.9999999945813958,1,7.683597611428374,1.6903914653546799,0.9999999945813958,1
3.5700000000000003,approach,3.5700000000000003,0.3499449,-0.1503167,0.019995656,-0.0001520942,-0.00059793325,-0.0077068675,0.99997014,0.0,0.0,0.0,0.006332587642065502,0,0.00017542527348268777,256,0,-1,0.0036840271,0.31775197,-0.32280308,-2.5391347,-0.16837522,2.4882998,0.7855486,0.021779807,0.021843845,11.675514490761762,2.5686131740492892,0.9999999945813957,1,10.264153842441765,2.258113833101363,0.9999999945813958,1
3.58,approach,3.58,0.3499472,-0.15042792,0.01999871,-0.00019362029,-0.0005631156,-0.014469063,0.99989516,0.0,0.0,0.0,0.006279855828278931,0,0.00020338466856628656,256,0,-1,0.0036864297,0.31770477,-0.32280928,-2.5391111,-0.16838199,2.4882972,0.78554434,0.021631487,0.021652812,12.937414082606136,2.84623108275075,0.9999999945813959,1,11.84629750392497,2.606185436741606,0.9999999945813959,1
3.59,approach,3.59,0.34994516,-0.15054755,0.020004371,-0.00027715028,-0.00056770723,-0.022123097,0.9997551,0.0,0.0,0.0,0.006223913371853343,0,0.00022778897255193442,256,0,-1,0.0036861973,0.31765538,-0.32281676,-2.539085,-0.1683872,2.488296,0.78554034,0.021463223,0.021452237,14.497168573102428,3.189377068800562,0.9999999945813958,1,13.441777864960876,2.9571911142675447,0.9999999945813959,1
3.6,approach,3.6,0.34992304,-0.15068191,0.02001022,-0.00039817035,-0.0005710465,-0.030530434,0.99953365,0.0,0.0,0.0,0.006172616225212925,1,0.0002518016844987869,256,0,-1,0.0036859678,0.31761038,-0.32282233,-2.53906,-0.16839087,2.488296,0.78553665,0.02130256,0.021237835,15.452266021091603,3.3994985062196164,0.999999994581396,1,14.712654546187606,3.236783982622423,0.9999999945813961,1
3.61,approach,3.61,0.34986624,-0.15083927,0.020013744,-0.0005327627,-0.00055465614,-0.038991004,0.9992393,0.0,0.0,0.0,0.006133753945764546,1,0.00025668105809018016,256,0,-1,0.0036874064,0.31757638,-0.32282376,-2.5390408,-0.1683927,2.4882977,0.7855338,0.021193897,0.021016909,15.305968124365569,3.367312969114288,0.9999999945813955,1,14.820362584453337,3.260479750912485,0.9999999945813959,1
3.62,approach,3.62,0.3497696,-0.15100466,0.020015474,-0.0006822216,-0.0005056264,-0.047165737,0.9988867,0.0,0.0,0.0,0.006110943857754971,1,0.00026207632618024945,256,0,-1,0.0036895764,0.31755665,-0.32282254,-2.5390286,-0.1683934,2.4882996,0.7855317,0.021115776,0.020790113,15.153222924117584,3.333709025241819,0.999999994581396,1,14.847309536016636,3.266408080224288,0.999999994581396,1
3.63,approach,3.63,0.3496311,-0.15116782,0.020017037,-0.00083890476,-0.00044310454,-0.05504238,0.99848354,0.0,0.0,0.0,0.0061034424288798975,1,0.00026913583860732615,256,0,-1,0.0036917063,0.31755036,-0.32281983,-2.5390239,-0.1683933,2.4883015,0.78553015,0.021056296,0.020562915,15.089577330861605,3.3197069948013747,0.9999999945813958,1,14.92352878585114,3.283176315097019,0.9999999945813961,1
3.64,approach,3.64,0.34945247,-0.15132274,0.02001898,-0.0009923921,-0.00037320203,-0.06266427,0.99803406,0.0,0.0,0.0,0.006108847861080409,1,0.000276410166407004,256,0,-1,0.0036932637,0.31755537,-0.32281646,-2.5390255,-0.16839266,2.4883034,0.7855291,0.021008912,0.02034183,15.051351768714039,3.3112973711744793,0.999999994581396,1,14.98008829213227,3.295619406411442,0.9999999945813957,1
3.65,approach,3.65,0.34926844,-0.15142742,0.02001002,-0.0011157362,-0.000113755465,-0.06902704,0.9976142,0.0,0.0,0.0,0.006127410435395132,1,0.00028269505128264427,256,0,-1,0.0036908537,0.31757188,-0.32281777,-2.5390346,-0.16839233,2.4883032,0.7855293,0.021053223,0.020166283,16.850172784172756,3.707037992431035,0.9999999945813959,3,15.706038908701588,3.45532854119129,0.9999999945813954,1
3.66,approach,3.66,0.3491673,-0.15152134,0.019991478,-0.0007851782,6.905862e-05,-0.070878,0.99748474,0.0,0.0,0.0,0.006168119730957752,1,0.0002967797627206892,256,0,-1,0.0036868264,0.31760645,-0.3228136,-2.5390573,-0.16838488,2.4883037,0.7855323,0.021091329,0.020044303,13.89976667860303,3.057948652722845,0.9999999945813933,2,14.941384661893247,2.9224293538102777,0.8890588182182245,1
3.67,approach,3.67,0.34914503,-0.15154503,0.01997727,-0.0007912489,8.83482e-05,-0.07095118,0.99747956,0.0,0.0,0.0,0.00621201061471883,1,0.0003071771061513573,256,0,-1,0.0036856292,0.3176466,-0.3228078,-2.5390751,-0.16837865,2.4883082,0.78553575,0.021087887,0.020004736,15.101056985486885,2.6923695925596407,0.8104097358420269,2,15.508526898823321,3.4118758992533844,0.9999999945813544,1
3.68,approach,3.68,0.34914201,-0.15154415,0.019967578,-0.0008184198,8.3661376e-05,-0.070983015,0.9974772,0.0,0.0,0.0,0.006234010106087805,1,0.0003042395692318678,256,0,-1,0.003685497,0.31767112,-0.32280466,-2.5390747,-0.16837516,2.4883173,0.7855383,0.021086251,0.020013448,15.040041893997387,2.7651160001643635,0.8356831171243266,2,14.984472399593008,3.232966471919015,0.9807020062638688,1
3.69,approach,3.69,0.3491416,-0.15154399,0.019964565,-0.000821954,8.172625e-05,-0.070989534,0.9974767,0.0,0.0,0.0,0.006241275223433627,1,0.00029922189423814416,256,0,-1,0.0036840658,0.31768066,-0.32280543,-2.5390716,-0.16837382,2.4883206,0.78553927,0.021084525,0.020015696,15.04561429998913,1.7348903558035693,0.5241304938714457,2,14.989124110374602,2.146106262478333,0.6508071048033247,1
3.7,approach,3.7,0.3491412,-0.15154412,0.019963806,-0.0008211348,8.1109625e-05,-0.07099719,0.99747616,0.0,0.0,0.0,0.006242863281802262,1,0.00030057484400458634,256,0,-1,0.003681975,0.317683,-0.32280722,-2.5390706,-0.16837282,2.4883213,0.7855398,0.021082899,0.020016076,15.041226267982408,1.6911969160527556,0.5110792546013508,2,15.049661325724125,1.9812483975839879,0.5983971558934306,1
3.71,approach,3.71,0.34914085,-0.15154421,0.019963656,-0.0008217561,8.107461e-05,-0.071004964,0.9974757,0.0,0.0,0.0,0.006242614417764018,1,0.00030097103444859385,256,0,-1,0.0036798737,0.31768292,-0.3228092,-2.5390706,-0.16837208,2.4883213,0.7855401,0.021081321,0.020017521,15.044042890321077,1.6818785508803842,0.5081680875105897,2,15.045863121119776,1.9227508074878437,0.5808757083137392,1
3.72,approach,3.72,0.3491405,-0.1515443,0.01996366,-0.0008223619,8.117761e-05,-0.071012534,0.99747515,0.0,0.0,0.0,0.006242000632715995,1,0.000300785613944754,256,0,-1,0.0036779228,0.3176823,-0.32281107,-2.5390708,-0.16837151,2.4883208,0.78554034,0.021080004,0.020018905,15.043989397179926,1.680883312091388,0.507869188790888,2,15.040642232868892,1.9098929721589573,0.5771915558672074,1
3.73,approach,3.73,0.3491402,-0.15154439,0.019963672,-0.00082273845,8.137969e-05,-0.07101976,0.99747455,0.0,0.0,0.0,0.0062415045738009696,1,0.00030074137612245977,256,0,-1,0.0036762443,0.31768167,-0.32281268,-2.5390713,-0.16837107,2.4883204,0.7855405,0.021078864,0.020019978,15.044899958909124,1.6800909276065419,0.5075990511418348,2,15.04086569776222,1.9022211614105753,0.5748645056966332,1
3.74,approach,3.74,0.3491399,-0.15154447,0.01996365,-0.0008231451,8.17038e-05,-0.07102662,0.9974741,0.0,0.0,0.0,0.006241176330788893,1,0.00030089306528680027,256,0,-1,0.003674891,0.31768122,-0.322814,-2.5390718,-0.16837071,2.4883204,0.78554064,0.021077834,0.020020867,15.043043956445288,1.6816525055256069,0.5081335298393067,2,15.043931763814246,1.8965499272137711,0.5730338067652622,1
3.75,approach,3.75,0.3491396,-0.15154453,0.019963613,-0.00082348916,8.212458e-05,-0.071033135,0.9974737,0.0,0.0,0.0,0.006240975938032308,1,0.0003008045896422118,256,0,-1,0.0036738378,0.31768087,-0.322815,-2.5390723,-0.16837044,2.4883199,0.78554076,0.0210771,0.020021528,15.045731418923934,1.6761176920854168,0.5063706489286334,2,15.042472740475631,1.885235167524582,0.56967035336003,1
3.7600000000000002,approach,3.7600000000000002,0.34913936,-0.15154459,0.019963576,-0.00082362484,8.264832e-05,-0.07103936,0.99747324,0.0,0.0,0.0,0.006240839230216972,1,0.0003008277853950858,256,0,-1,0.0036730426,0.31768057,-0.32281578,-2.5390728,-0.16837023,2.4883196,0.7855408,0.021076636,0.020021906,15.042690796342319,1.6758441901474939,0.5063903589264583,2,15.044848574430247,1.8724837301323487,0.5657278396862889,1
3.77,approach,3.77,0.34913912,-0.15154465,0.01996353,-0.0008238369,8.326648e-05,-0.071045324,0.99747276,0.0,0.0,0.0,0.006240757609371552,1,0.0003008825588040054,256,0,-1,0.003672472,0.3176803,-0.32281634,-2.5390732,-0.16837007,2.4883192,0.7855408,0.021076245,0.020022193,15.044314930724365,1.6728083264752,0.5054184418675156,2,15.045708936409163,1.8617056492803812,0.5624393268263996,1
3.7800000000000002,approach,3.7800000000000002,0.3491389,-0.15154469,0.019963484,-0.0008240015,8.39468e-05,-0.0710511,0.9974724,0.0,0.0,0.0,0.006240704744217159,1,0.000300975312711671,256,0,-1,0.0036720643,0.31768006,-0.32281676,-2.5390737,-0.16836995,2.488319,0.7855408,0.021075971,0.020022351,15.042029333229152,1.67134334664481,0.5050525460178032,2,15.048592077025935,1.8500153597183877,0.558800496614603,1
3.79,approach,3.79,0.34913865,-0.15154472,0.019963434,-0.00082423043,8.468842e-05,-0.07105671,0.9974719,0.0,0.0,0.0,0.006240699640674243,1,0.00030096055706962943,256,0,-1,0.003671784,0.31767985,-0.32281706,-2.5390742,-0.16836987,2.4883184,0.7855408,0.02107577,0.020022478,15.04321548882422,1.6671060639291257,0.5037323863153514,2,15.04805182101812,1.8375471661560665,0.555054383001593,1
3.8000000000000003,grasp,3.8000000000000003,0.34913844,-0.15154475,0.019963391,-0.00082424755,8.544714e-05,-0.07106223,0.9974716,0.0,0.0,0.0,0.006240718191567467,1,0.00030094574321992695,256,0,-1,0.003671584,0.31767967,-0.32281727,-2.5390747,-0.16836981,2.4883182,0.7855408,0.021075659,0.020022426,15.04243256290106,1.66421358656596,0.5028845687046614,2,15.049751994901017,1.826288429314599,0.5515912185896246,1
3.81,grasp,3.81,0.34913826,-0.15154478,0.01996335,-0.0008243177,8.6251086e-05,-0.07106765,0.9974712,0.0,0.0,0.0,0.0062407417190445385,1,0.00030099001014605165,256,0,-1,0.0036714498,0.3176795,-0.32281741,-2.5390751,-0.16836978,2.488318,0.7855408,0.021075673,0.020022374,15.042977492601771,1.6606384231398401,0.501786064130574,2,15.050706389299478,1.813152213445755,0.5475889806785059,1
3.8200000000000003,grasp,3.8200000000000003,0.34913808,-0.15154481,0.019963311,-0.00082442764,8.708662e-05,-0.071073,0.99747086,0.0,0.0,0.0,0.006240778566684393,1,0.0003010048239957541,256,0,-1,0.0036713684,0.31767932,-0.32281753,-2.5390756,-0.16836977,2.4883175,0.7855408,0.02107562,0.020022318,15.043626131498915,1.656106898221935,0.5003952213701732,2,15.051104491292103,1.801191143143288,0.5439622370285114,1
3.83,grasp,3.83,0.3491379,-0.15154484,0.019963264,-0.0008246105,8.794236e-05,-0.07107829,0.9974705,0.0,0.0,0.0,0.0062408070212199305,1,0.00030099423020146787,256,0,-1,0.0036713162,0.31767914,-0.32281762,-2.539076,-0.16836976,2.4883173,0.7855408,0.021075547,0.020022297,15.04521177520983,1.6509392976921409,0.4987812499475181,2,15.05060709699228,1.7893318483606782,0.5403985720338813,1
3.84,grasp,3.84,0.34913772,-0.15154487,0.019963227,-0.0008246796,8.880216e-05,-0.07108354,0.99747,0.0,0.0,0.0,0.006240837912791082,1,0.00030095005058683455,256,0,-1,0.0036712734,0.31767896,-0.32281768,-2.5390766,-0.16836976,2.488317,0.7855408,0.021075593,0.020022206,15.044852854236359,1.6472503094451674,0.49767860670439173,2,15.050857466186013,1.7784676477885453,0.5371085249957405,1
3.85,grasp,3.85,0.34913754,-0.1515449,0.01996319,-0.00082469004,8.966941e-05,-0.07108875,0.99746966,0.0,0.0,0.0,0.006240879685633879,1,0.00030110805528238416,256,0,-1,0.0036712454,0.31767878,-0.32281774,-2.539077,-0.16836976,2.4883165,0.7855408,0.021075593,0.02002207,15.042063467186479,1.6469958656612975,0.49769400722487855,2,15.055331725322555,1.7686873181126124,0.5339960590891956,1
3.86,grasp,3.86,0.34913737,-0.15154493,0.019963145,-0.0008248264,9.0553454e-05,-0.07109393,0.9974693,0.0,0.0,0.0,0.00624091092235555,1,0.0003010827931575477,256,0,-1,0.0036712312,0.3176786,-0.3228178,-2.5390775,-0.16836977,2.4883163,0.7855408,0.021075573,0.020022012,15.04327598131497,1.6409012295513021,0.4958123457796152,2,15.054227138096321,1.756459500878946,0.5303431885900608,1
3.87,grasp,3.87,0.3491372,-0.15154496,0.01996311,-0.00082481944,9.143263e-05,-0.07109908,0.99746895,0.0,0.0,0.0,0.006240942351313789,1,0.00030100479489192367,256,0,-1,0.003671214,0.31767842,-0.32281786,-2.539078,-0.1683698,2.488316,0.7855408,0.021075606,0.020021873,15.043565598177192,1.636478668113918,0.49446651141130576,2,15.053896114766948,1.7444115428330618,0.5267170250189195,1
3.88,grasp,3.88,0.349137,-0.15154499,0.01996307,-0.000824904,9.233252e-05,-0.0711042,0.9974686,0.0,0.0,0.0,0.006240976138395082,1,0.00030116073321551085,256,0,-1,0.0036712033,0.31767824,-0.3228179,-2.5390785,-0.16836981,2.4883158,0.78554076,0.021075642,0.020021793,15.042656044354075,1.6345842919516993,0.49392398376143876,2,15.05709670764114,1.7340708008601948,0.5234833883951855,1
3.89,grasp,3.89,0.34913683,-0.15154502,0.019963037,-0.0008248386,9.321449e-05,-0.071109295,0.99746823,0.0,0.0,0.0,0.0062410185160751966,1,0.00030108270584605634,256,0,-1,0.0036711912,0.31767806,-0.32281795,-2.539079,-0.16836984,2.4883153,0.78554076,0.021075701,0.02002162,15.042890682630652,1.6301154871506551,0.49256595736884173,2,15.056839168333966,1.7240051499681373,0.5204536594765798,1
3.9,grasp,3.9,0.34913665,-0.15154505,0.019963,-0.00082485005,9.411296e-05,-0.07111437,0.9974679,0.0,0.0,0.0,0.0062410525752748846,1,0.00030113128013908863,256,0,-1,0.0036711842,0.3176779,-0.32281798,-2.5390794,-0.16836987,2.488315,0.7855407,0.021075733,0.020021498,15.043489052206045,1.6262028877369552,0.49136415642960696,2,15.057679261051925,1.7137395764911223,0.5173257586802079,1
3.91,grasp,3.91,0.34913647,-0.15154508,0.019962963,-0.0008248346,9.5011594e-05,-0.07111943,0.9974675,0.0,0.0,0.0,0.006241113551821698,1,0.00030122819589450955,256,0,-1,0.0036711765,0.31767774,-0.322818,-2.53908,-0.16836989,2.4883149,0.7855407,0.021075768,0.020021362,15.041851647885782,1.6245157470292806,0.4909078123725955,2,15.060487543741038,1.703830210991103,0.5142385168301464,1
3.92,grasp,3.92,0.3491363,-0.1515451,0.019962922,-0.0008249509,9.5927266e-05,-0.07112445,0.99746716,0.0,0.0,0.0,0.006241177188646082,1,0.0003011987137142569,256,0,-1,0.0036711767,0.3176776,-0.322818,-2.5390804,-0.16836992,2.4883146,0.78554064,0.021075731,0.020021312,15.042774515122225,1.6187195789959294,0.48912627526036756,2,15.059221482460048,1.6906134497565302,0.510292421075878,1
3.93,grasp,3.93,0.3491361,-0.15154514,0.019962888,-0.00082490296,9.6823846e-05,-0.071129456,0.9974668,0.0,0.0,0.0,0.006241274551636196,1,0.00030112703097984195,256,0,-1,0.0036711644,0.31767747,-0.32281807,-2.5390809,-0.16836995,2.4883142,0.7855406,0.021075804,0.02002117,15.043155948433359,1.6142488601894436,0.48776299628849323,2,15.059185192131356,1.6803766370643898,0.5072037779979597,1
3.94,grasp,3.94,0.34913594,-0.15154517,0.019962851,-0.0008249068,9.7729375e-05,-0.071134456,0.99746644,0.0,0.0,0.0,0.006241363073530496,1,0.000301165011478588,256,0,-1,0.0036711544,0.31767735,-0.3228181,-2.5390813,-0.16836998,2.488314,0.7855406,0.021075828,0.020021064,15.044412291635208,1.6096667618047245,0.48633784805143226,2,15.059944963686753,1.6699731735671526,0.5040381735046994,1
3.95,grasp,3.95,0.34913576,-0.1515452,0.019962816,-0.0008249174,9.864004e-05,-0.071139425,0.9974661,0.0,0.0,0.0,0.006241449668424873,1,0.00030121972667984664,256,0,-1,0.0036711437,0.31767723,-0.32281816,-2.5390818,-0.16837001,2.4883137,0.7855405,0.02107586,0.020020967,15.043242125695205,1.6072173603348943,0.485635569448769,2,15.061503225249597,1.6599035608287362,0.5009470882651642,1
3.96,grasp,3.96,0.34913558,-0.15154523,0.019962782,-0.0008248895,9.954996e-05,-0.07114438,0.9974657,0.0,0.0,0.0,0.006241538126961741,1,0.00030131248058751225,256,0,-1,0.0036711313,0.3176771,-0.3228182,-2.5390823,-0.16837002,2.4883134,0.7855405,0.021075856,0.020020848,15.041097226321767,1.6065451633939647,0.4855016828591368,2,15.064247192234578,1.649955578445383,0.4978541568083599,1
3.97,grasp,3.97,0.3491354,-0.15154526,0.019962745,-0.0008249739,0.00010046477,-0.071149305,0.9974654,0.0,0.0,0.0,0.006241637945902809,1,0.00030130823142826557,256,0,-1,0.0036711216,0.317677,-0.32281822,-2.5390828,-0.16837005,2.488313,0.78554046,0.021075876,0.020020802,15.04255985568319,1.6011125208428343,0.48381287862382316,2,15.06367178734401,1.6385379152265969,0.49442790043552487,1
3.98,grasp,3.98,0.34913522,-0.15154529,0.019962711,-0.00082495075,0.00010136452,-0.071154214,0.997465,0.0,0.0,0.0,0.006241632679966383,1,0.0003011417284142226,256,0,-1,0.003671106,0.31767687,-0.32281825,-2.539083,-0.1683701,2.4883127,0.7855404,0.021075923,0.020020697,15.045918903023846,1.5928824745723684,0.48121852384600616,2,15.060972446568277,1.6273279440819004,0.4911333067379529,1
3.99,grasp,3.99,0.34913504,-0.15154532,0.019962676,-0.00082503393,0.00010226886,-0.0711591,0.99746466,0.0,0.0,0.0,0.00624165586361894,1,0.00030129775404930115,256,0,-1,0.0036711001,0.3176767,-0.32281828,-2.5390835,-0.16837011,2.4883127,0.7855404,0.021075845,0.020020656,15.043321665824248,1.5915708588670667,0.4809052917671503,2,15.064088894926256,1.6188300864466587,0.4884675486239264,1
4.0,grasp,4.0,0.34913486,-0.15154535,0.019962652,-0.0008248758,0.00010311917,-0.071163975,0.9974643,0.0,0.0,0.0,0.0062416484212506,1,0.00030123870237730443,256,0,-1,0.0036710792,0.31767657,-0.32281834,-2.5390837,-0.16837016,2.4883125,0.78554034,0.021075951,0.020020472,15.042821284372533,1.5882341189598534,0.47991303351930975,2,15.064851306972047,1.6122031156551277,0.48644329976619655,1
4.01,grasp,4.01,0.34913468,-0.15154538,0.019962618,-0.00082491775,0.00010397883,-0.071168825,0.99746394,0.0,0.0,0.0,0.006241615472573077,1,0.00030144944321364164,256,0,-1,0.0036710745,0.31767642,-0.32281837,-2.539084,-0.16837017,2.4883122,0.78554034,0.021075916,0.020020401,15.04131796117607,1.5877905891191364,0.47982696524136365,2,15.068449187224534,1.6049923004570164,0.48415198252233943,1
4.0200000000000005,grasp,4.0200000000000005,0.3491345,-0.1515454,0.019962586,-0.0008249757,0.00010481658,-0.07117364,0.9974636,0.0,0.0,0.0,0.00624160994014387,1,0.0003013314271811396,256,0,-1,0.0036710706,0.3176763,-0.3228184,-2.5390842,-0.1683702,2.488312,0.78554034,0.021075897,0.020020342,15.04310146350389,1.5810737430849107,0.4777405011619319,2,15.06598835258843,1.595719837314834,0.4814335321418553,1
4.03,grasp,4.03,0.34913433,-0.15154544,0.019962559,-0.0008250179,0.00010564371,-0.07117844,0.9974632,0.0,0.0,0.0,0.006241644591424982,1,0.0003013272653333843,256,0,-1,0.0036710666,0.31767613,-0.32281843,-2.5390847,-0.16837023,2.4883118,0.7855403,0.021075895,0.020020274,15.043590284529166,1.5763490173055184,0.4762973911422522,2,15.066436733588576,1.5854603637655562,0.47832398227577877,1
4.04,grasp,4.04,0.34913415,-0.15154546,0.019962532,-0.00082498055,0.00010645527,-0.07118323,0.997463,0.0,0.0,0.0,0.006241611706311313,1,0.0003014200192410499,256,0,-1,0.003671058,0.31767598,-0.32281846,-2.539085,-0.16837025,2.4883115,0.7855403,0.021075934,0.020020163,15.040600502337586,1.5761539081614795,0.4763331055216229,2,15.069438815477612,1.5795997362758294,0.47646092791984346,1
4.05,grasp,4.05,0.34913397,-0.1515455,0.019962508,-0.0008248648,0.00010723864,-0.07118798,0.99746263,0.0,0.0,0.0,0.00624160426222685,1,0.000301253458019346,256,0,-1,0.003671048,0.31767586,-0.32281852,-2.5390851,-0.16837028,2.4883113,0.7855402,0.02107603,0.02002,15.045496923212799,1.567415590428999,0.47353811951133823,2,15.066370436161877,1.5694921354829232,0.47350854617002225,1
4.0600000000000005,grasp,4.0600000000000005,0.3491338,-0.15154552,0.01996248,-0.0008248668,0.000108030785,-0.07119272,0.9974623,0.0,0.0,0.0,0.006241684335310024,1,0.00030139044974930584,256,0,-1,0.003671047,0.31767574,-0.32281852,-2.5390856,-0.16837029,2.4883113,0.7855402,0.021076014,0.02001991,15.043474545178924,1.566308982577703,0.47326741326030713,2,15.068869194437218,1.5625033896094511,0.47132190497813037,1
4.07,grasp,4.07,0.3491336,-0.15154555,0.019962452,-0.0008248354,0.000108797234,-0.07119743,0.9974619,0.0,0.0,0.0,0.006241584701514806,1,0.00030130200320854783,256,0,-1,0.0036710436,0.31767562,-0.32281855,-2.5390856,-0.16837032,2.488311,0.78554016,0.021076053,0.0200198,15.044587834246688,1.5607006036177609,0.471537919879692,2,15.067402872905811,1.5541521393327402,0.46884841174327246,1
4.08,grasp,4.08,0.34913343,-0.15154558,0.019962428,-0.0008247327,0.00010952872,-0.07120212,0.99746156,0.0,0.0,0.0,0.006241579288569399,1,0.00030134618282318115,256,0,-1,0.0036710373,0.3176755,-0.32281858,-2.5390859,-0.16837035,2.4883108,0.78554016,0.021076094,0.020019643,15.042229647462268,1.5593383641007095,0.47120020243800786,2,15.06919876281523,1.549677355249416,0.4674427678124592,1
4.09,grasp,4.09,0.34913328,-0.15154561,0.0199624,-0.00082475704,0.000110257824,-0.07120679,0.9974612,0.0,0.0,0.0,0.006241643366159722,1,0.0003014093672391027,256,0,-1,0.0036710417,0.31767535,-0.32281858,-2.5390863,-0.16837038,2.4883106,0.78554016,0.021076065,0.020019561,15.043674937453247,1.554656503268213,0.4697403060609658,2,15.070045092207282,1.5398487713478906,0.4644520009203695,1
4.1,grasp,4.1,0.34913313,-0.15154564,0.019962374,-0.00082471396,0.000110972964,-0.07121145,0.99746096,0.0,0.0,0.0,0.006241627071311308,1,0.00030141999013721943,256,0,-1,0.0036710363,0.31767523,-0.3228186,-2.5390866,-0.1683704,2.4883106,0.7855401,0.021076161,0.020019446,15.042022983135725,1.5523360293630792,0.4690906847205421,2,15.071080805633796,1.5330422645664317,0.4623672329619873,1
4.11,grasp,4.11,0.349133,-0.15154567,0.019962348,-0.0008247338,0.000111686786,-0.071216084,0.9974606,0.0,0.0,0.0,0.006241596567114996,1,0.0003014136746060103,256,0,-1,0.0036710405,0.31767508,-0.3228186,-2.5390868,-0.16837041,2.4883103,0.7855401,0.021076139,0.020019367,15.04211863541152,1.5487119401705862,0.46799256798013755,2,15.07068768535524,1.5254527826409008,0.46009023804993837,1
4.12,grasp,4.12,0.3491329,-0.1515457,0.019962326,-0.00082463084,0.00011236228,-0.0712207,0.99746025,0.0,0.0,0.0,0.0062415890311176185,1,0.00030134618282318115,256,0,-1,0.0036710328,0.31767496,-0.32281867,-2.539087,-0.16837044,2.48831,0.7855401,0.021076258,0.020019218,15.043567994712754,1.5439835071230688,0.4665187708810837,2,15.070288099635734,1.5185832877934182,0.45803048107081284,1
4.13,grasp,4.13,0.34913278,-0.1515457,0.019962294,-0.0008247364,0.00011305562,-0.07122531,0.99746,0.0,0.0,0.0,0.006241480499231643,1,0.0003014537214767188,256,0,-1,0.0036710396,0.31767485,-0.32281867,-2.539087,-0.16837046,2.48831,0.78554004,0.021076167,0.02001919,15.043463837092949,1.5411472652200957,0.4656650168983447,2,15.071388622489708,1.512198829045237,0.45607151492715137,1
4.14,grasp,4.14,0.34913266,-0.1515457,0.019962272,-0.0008248368,0.000113724825,-0.07122988,0.99745965,0.0,0.0,0.0,0.006241517483592621,1,0.00030146638164296746,256,0,-1,0.0036710459,0.31767467,-0.32281867,-2.5390875,-0.16837049,2.4883099,0.78554004,0.021076133,0.020019164,15.043745878787432,1.537525072337368,0.4645618441787672,2,15.07214134472411,1.502876057334814,0.45323717777225897,1
4.15,grasp,4.15,0.34913254,-0.1515457,0.019962247,-0.0008248775,0.00011439028,-0.07123444,0.9974593,0.0,0.0,0.0,0.006241458004197149,1,0.00030146422795951366,256,0,-1,0.003671048,0.3176745,-0.3228187,-2.5390878,-0.16837052,2.4883096,0.78554,0.021076068,0.020019107,15.04360864039845,1.5350785945169152,0.46382687438032655,2,15.07275379028205,1.4968037333266153,0.45138754523339714,1
4.16,grasp,4.16,0.34913242,-0.1515457,0.019962221,-0.0008249371,0.000115041876,-0.071238995,0.99745893,0.0,0.0,0.0,0.006241358067772211,1,0.0003014769754372537,256,0,-1,0.0036710445,0.31767437,-0.32281873,-2.5390878,-0.16837053,2.4883094,0.78554,0.021076074,0.020019064,15.042841384237402,1.532025288122599,0.46292792244323766,2,15.073187111196503,1.4910657500281568,0.4496442285920164,1
4.17,grasp,4.17,0.3491323,-0.15154572,0.019962197,-0.00082490133,0.000115649906,-0.07124353,0.9974587,0.0,0.0,0.0,0.006241314380984422,1,0.00030151070677675307,256,0,-1,0.0036710408,0.31767422,-0.32281876,-2.539088,-0.16837054,2.4883094,0.78554,0.021076078,0.020018958,15.041542129579987,1.5299660143274554,0.46234561019774223,2,15.074923236616824,1.486490506869962,0.4482128980142975,1
4.18,grasp,4.18,0.34913218,-0.15154572,0.019962175,-0.0008249537,0.00011625827,-0.07124803,0.99745834,0.0,0.0,0.0,0.006241160252056078,1,0.0003014579997397959,256,0,-1,0.0036710447,0.31767404,-0.3228188,-2.539088,-0.16837056,2.4883091,0.7855399,0.021076117,0.020018905,15.043501915024574,1.5243342062092078,0.46058370488093703,2,15.073356119087382,1.4782604406222501,0.4457776746005037,1
4.19,grasp,4.19,0.34913206,-0.15154572,0.01996215,-0.0008249918,0.000116850504,-0.071252525,0.997458,0.0,0.0,0.0,0.00624111661146965,1,0.0003014368994627148,256,0,-1,0.0036710515,0.3176739,-0.32281882,-2.5390882,-0.16837057,2.4883091,0.7855399,0.021076068,0.020018842,15.044279008222816,1.5206595670746275,0.4594496643854011,2,15.073176897768867,1.4717759711958522,0.44382752378851226,1
4.2,lift,4.2,0.34913194,-0.15154572,0.019962125,-0.0008250741,0.00011742921,-0.071256995,0.99745774,0.0,0.0,0.0,0.006240953240840389,1,0.00030151274404488504,256,0,-1,0.0036710592,0.3176737,-0.32281882,-2.5390882,-0.16837057,2.4883091,0.7855399,0.021076,0.020018803,15.043536642317884,1.5184896818309965,0.4588166991988026,2,15.074833050621022,1.4676867572443624,0.4425457595197048,1
4.21,lift,4.21,0.34909374,-0.1515297,0.020022012,-0.0015794797,0.00011542088,-0.07193147,0.9974084,0.0,0.0,0.0,0.009813100678970663,1,0.0002954374940600246,256,0,-1,0.0036826013,0.31734574,-0.32284713,-2.539165,-0.16836472,2.4878013,0.7855405,0.021043872,0.0200435,14.634194884970164,2.5537271094129914,0.7932004861609061,2,14.957822012000083,3.2907208248089037,0.9999999945813957,1
4.22,lift,4.22,0.3490246,-0.15146513,0.0201585,-0.0044330126,3.8206774e-05,-0.072451726,0.9973621,0.0,0.0,0.0,0.013173330095227939,1,0.0002791228180285543,256,0,-1,0.0036960149,0.316426,-0.32293287,-2.5393484,-0.16835389,2.4866707,0.7855416,0.020965267,0.020144204,13.94231809345184,2.3798560394894115,0.7758772522415168,3,14.849304884750488,3.2668470569433565,0.999999994581396,1
4.23,lift,4.23,0.34895095,-0.1513996,0.020381613,-0.009598942,0.00047570854,-0.07279255,0.99730086,0.0,0.0,0.0,0.015929907534278285,1,0.00024941988522186875,256,0,-1,0.0037029025,0.3149241,-0.3230787,-2.5395846,-0.16833933,2.4850504,0.78554237,0.020716392,0.020291166,14.346224118950145,2.75304223334886,0.8722733054807225,3,14.976497437444882,3.2948294183844977,0.9999999945813958,1
4.24,lift,4.24,0.34891218,-0.15132518,0.020677477,-0.016785638,0.0010977128,-0.07292135,0.9971958,0.0,0.0,0.0,0.018106144065882648,1,0.00022920873016119003,256,0,-1,0.0036975136,0.3129181,-0.3232828,-2.53983,-0.16832188,2.4830503,0.785543,0.02036063,0.020504968,14.140382224125435,3.1108840724508515,0.9999999945813653,3,14.935610029202717,3.285834188619963,0.9999999945813959,1
4.25,lift,4.25,0.3489124,-0.15129498,0.020992499,-0.024622349,0.0017153264,-0.07301456,0.99702543,0.0,0.0,0.0,0.019792942185304387,1,0.00020304897043388337,256,0,-1,0.0036831126,0.31049705,-0.3235329,-2.540064,-0.1683012,2.4807549,0.7855436,0.020008245,0.020725543,13.472601237977383,2.963972256294431,0.9999999945813955,3,14.511820221873286,3.192600431512686,0.9999999945813962,1
4.26,lift,4.26,0.34894237,-0.15136543,0.021302668,-0.032440223,0.0022840593,-0.073261105,0.9967824,0.0,0.0,0.0,0.02108717268109911,1,0.0001169577008113265,256,0,-1,0.0036632083,0.30774653,-0.3238186,-2.5402808,-0.16827834,2.4782293,0.7855442,0.019722607,0.020992607,13.084450794766123,2.878579159250666,0.999999994581396,3,13.776258593660895,3.030776874182817,0.999999994581396,2
4.2700000000000005,lift,4.2700000000000005,0.348999,-0.15148377,0.021573512,-0.039568108,0.0027964562,-0.07359635,0.99649894,0.0,0.0,0.0,0.022071065818276604,1,8.636841812403873e-05,256,0,-1,0.0036360403,0.30473816,-0.3241365,-2.5404797,-0.16825448,2.475523,0.7855449,0.019477002,0.021116799,13.17365336959471,2.898203725606617,0.9999999945813957,3,14.297346076035684,3.1454161196840857,0.999999994581396,2
4.28,lift,4.28,0.34907177,-0.15167779,0.021824475,-0.04614012,0.003256292,-0.07408437,0.99617875,0.0,0.0,0.0,0.022817852016443707,1,6.909757939865813e-05,256,0,-1,0.0036047883,0.30153537,-0.3244768,-2.5406687,-0.16822928,2.4726744,0.7855456,0.019294914,0.02118187,13.482156638871434,2.966074444479733,0.9999999945813962,3,14.577246124638025,3.2069941300429337,0.9999999945813958,2
4.29,lift,4.29,0.3491589,-0.15192732,0.022063918,-0.05224723,0.0034432122,-0.07461391,0.99583685,0.0,0.0,0.0,0.023383716463270046,1,5.7203178585041314e-05,256,0,-1,0.0035694693,0.29818726,-0.32483608,-2.5408533,-0.16820373,2.4697125,0.78554636,0.019164657,0.02121423,13.722105797509546,3.018863259094075,0.999999994581396,3,14.689117318816622,3.231605792628865,0.9999999945813961,2
4.3,lift,4.3,0.34926233,-0.15220788,0.022298554,-0.05771284,0.0031870443,-0.07500382,0.99550664,0.0,0.0,0.0,0.023812585933574493,1,4.791995161212981e-05,256,0,-1,0.0035302937,0.2947314,-0.32521054,-2.541038,-0.16817787,2.466661,0.7855473,0.019075096,0.0212319,14.029804167779899,3.086556900186748,0.999999994581396,3,14.860319341139942,3.269270237335906,0.9999999945813959,3
4.3100000000000005,lift,4.3100000000000005,0.34937644,-0.15244058,0.022546265,-0.061607827,0.0031178114,-0.07417423,0.9953356,0.0,0.0,0.0,0.024137726698229025,1,3.794909207499586e-05,256,0,-1,0.0034853518,0.29119578,-0.32560143,-2.5412228,-0.16815317,2.4635398,0.78554946,0.019022796,0.021234864,14.06854306093669,3.0950794566350615,0.9999999945813959,4,13.686033655445637,3.010927387883017,0.9999999945813961,4
4.32,lift,4.32,0.34948537,-0.15265094,0.022829488,-0.063152395,0.0031539267,-0.074574746,0.99520874,0.0,0.0,0.0,0.0243833737770795,1,6.456991104641929e-05,256,0,-1,0.003440293,0.28759962,-0.3259971,-2.541412,-0.16812734,2.4603624,0.78555065,0.018985372,0.021230148,15.172208594830403,3.3378858727760066,0.999999994581396,3,14.35557979848971,3.1582275385545517,0.999999994581396,4
4.33,lift,4.33,0.34960046,-0.15281388,0.0231755,-0.06290558,0.0028544962,-0.0749547,0.9951967,0.0,0.0,0.0,0.02456876292389353,1,2.5414083211217076e-05,256,0,-1,0.0033955525,0.28395912,-0.32639578,-2.541609,-0.16809969,2.4571393,0.7855517,0.0189507,0.021257134,12.714038765167953,2.797088513180634,0.9999999945813958,3,13.802766749597433,3.036608668457255,0.9999999945813959,3
4.34,lift,4.34,0.3497253,-0.1529422,0.023558613,-0.06208027,0.0021671713,-0.07498607,0.99524796,0.0,0.0,0.0,0.024707326413884286,1,1.1220523447263986e-05,256,0,-1,0.0033529862,0.28028452,-0.3267968,-2.541812,-0.16807218,2.45388,0.785553,0.018912863,0.021241022,11.87916775370005,2.61341689165294,0.999999994581396,1,13.493877816413256,2.968653103524961,0.999999994581396,3
4.3500000000000005,lift,4.3500000000000005,0.34981766,-0.15332179,0.023738723,-0.057095382,0.0009895426,-0.075525194,0.9955075,0.0,0.0,0.0,0.024795700433187632,1,0.00012149033864261582,256,0,-1,0.0033291075,0.2765656,-0.3271758,-2.5420182,-0.1680366,2.4505918,0.7855531,0.018643526,0.020788413,0.0,0.0,nan,0,6.340143477178778,1.3948315574212913,0.9999999945813961,1
4.36,lift,4.36,0.34983018,-0.15421684,0.023119569,-0.051157948,0.00027436626,-0.07610779,0.9957863,0.0,0.0,0.0,0.024826974946289524,0,0.0,256,0,-1,0.003325861,0.27279264,-0.32754683,-2.542207,-0.16800813,2.4472823,0.78555375,0.018102108,0.019909108,0.0,0.0,nan,0,0.0,0.0,nan,0
4.37,lift,4.37,0.34985313,-0.15505077,0.021801313,-0.04541006,0.002001993,-0.0766158,0.9960241,0.0,0.0,0.0,0.024825740441932084,0,0.0,256,0,-1,0.003300018,0.26899487,-0.32794896,-2.54238,-0.16798544,2.4439578,0.78555477,0.01763758,0.019063454,0.0,0.0,nan,0,0.0,0.0,nan,0
4.38,lift,4.38,0.3498159,-0.15576263,0.021042677,-0.028914127,0.0023838438,-0.07659041,0.99664044,0.0,0.0,0.0,0.024810474181388965,0,0.0,256,0,-1,0.0032615333,0.2651892,-0.32836285,-2.5425553,-0.16796099,2.4406204,0.78555566,0.017271087,0.018384956,0.0,0.0,nan,0,0.0,0.0,nan,0
4.39,lift,4.39,0.34971875,-0.15636976,0.020504573,-0.014294341,0.0011828085,-0.07661566,0.99695754,0.0,0.0,0.0,0.02479091896383831,0,0.0,256,0,-1,0.00321828,0.2613848,-0.32878038,-2.542739,-0.16793536,2.4372718,0.7855564,0.016985718,0.017854959,0.0,0.0,nan,0,0.0,0.0,nan,0
4.4,lift,4.4,0.34963694,-0.15687552,0.020016292,-0.0017910546,0.00013547545,-0.07662461,0.9970584,0.0,0.0,0.0,0.02477178427366182,0,0.0,256,0,-1,0.0031743133,0.25758547,-0.32919767,-2.542932,-0.167909,2.4339142,0.78555703,0.016763987,0.017442815,0.0,0.0,nan,0,0.0,0.0,nan,0
4.41,lift,4.41,0.34960213,-0.15709706,0.019982064,0.0002462612,-2.0333242e-05,-0.07662564,0.99705994,0.0,0.0,0.0,0.024754609476626315,0,0.0,256,0,-1,0.003131463,0.25379217,-0.32961306,-2.543134,-0.16788216,2.430549,0.78555757,0.016591752,0.017122574,0.0,0.0,nan,0,0.0,0.0,nan,0
4.42,lift,4.42,0.34959832,-0.15712164,0.019972663,0.00011914551,-9.414726e-06,-0.07662567,0.99705994,0.0,0.0,0.0,0.024739913121020425,0,0.0,256,0,-1,0.0030903749,0.2500044,-0.33002606,-2.5433438,-0.16785501,2.427178,0.78555804,0.016457964,0.01687378,0.0,0.0,nan,0,0.0,0.0,nan,0
4.43,lift,4.43,0.34959906,-0.15711689,0.019970328,-7.22665e-07,7.625578e-08,-0.07662567,0.99705994,0.0,0.0,0.0,0.02472736567345933,0,0.0,256,0,-1,0.003051098,0.24622126,-0.3304368,-2.5435598,-0.16782762,2.4238024,0.78555846,0.016354037,0.016680505,0.0,0.0,nan,0,0.0,0.0,nan,0
4.44,lift,4.44,0.34959906,-0.15711683,0.01997057,-2.0214175e-06,1.617357e-07,-0.07662567,0.99705994,0.0,0.0,0.0,0.02471645431342233,0,0.0,256,0,-1,0.003013423,0.24244168,-0.3308456,-2.5437806,-0.16780005,2.4204233,0.7855588,0.016273309,0.016530361,0.0,0.0,nan,0,0.0,0.0,nan,0
4.45,lift,4.45,0.34959906,-0.1571169,0.019970572,7.791668e-08,-2.4081013e-09,-0.07662567,0.99705994,0.0,0.0,0.0,0.02470664121866309,0,0.0,256,0,-1,0.0029770567,0.23866475,-0.3312528,-2.544005,-0.16777237,2.4170413,0.7855592,0.016210595,0.016413722,0.0,0.0,nan,0,0.0,0.0,nan,0
4.46,lift,4.46,0.34959906,-0.1571169,0.01997057,1.3234126e-08,-9.968837e-09,-0.07662567,0.99705994,0.0,0.0,0.0,0.024697415369960264,0,0.0,256,0,-1,0.0029417078,0.23488969,-0.33165884,-2.5442317,-0.16774456,2.413657,0.7855594,0.016161881,0.01632311,0.0,0.0,nan,0,0.0,0.0,nan,0
4.47,lift,4.47,0.34959906,-0.1571169,0.01997057,-9.350732e-09,4.2570667e-09,-0.07662567,0.99705994,0.0,0.0,0.0,0.024688608593757235,0,0.0,256,0,-1,0.0029071209,0.23111592,-0.33206397,-2.5444603,-0.16771667,2.410271,0.78555965,0.016124042,0.016252717,0.0,0.0,nan,0,0.0,0.0,nan,0
4.48,lift,4.48,0.34959906,-0.1571169,0.019970572,-7.916025e-09,-1.3862438e-08,-0.07662567,0.99705994,0.0,0.0,0.0,0.024680057298915082,0,0.0,256,0,-1,0.002873087,0.22734302,-0.33246845,-2.5446904,-0.1676887,2.4068837,0.7855599,0.016094651,0.01619803,0.0,0.0,nan,0,0.0,0.0,nan,0
4.49,lift,4.49,0.34959906,-0.1571169,0.01997057,-1.2462358e-08,3.526944e-09,-0.07662567,0.99705994,0.0,0.0,0.0,0.024671432921875888,0,0.0,256,0,-1,0.0028394493,0.22357066,-0.33287248,-2.5449214,-0.16766067,2.4034953,0.78556013,0.016071824,0.016155541,0.0,0.0,nan,0,0.0,0.0,nan,0
4.5,lift,4.5,0.34959906,-0.1571169,0.01997057,-2.4958254e-08,-1.24548745e-08,-0.07662567,0.99705994,0.0,0.0,0.0,0.02466278276484806,0,0.0,256,0,-1,0.0028060863,0.21979864,-0.33327618,-2.545153,-0.16763258,2.4001062,0.78556037,0.016054098,0.01612253,0.0,0.0,nan,0,0.0,0.0,nan,0
4.51,lift,4.51,0.34959906,-0.1571169,0.01997057,-2.9602276e-08,1.1108469e-08,-0.07662567,0.99705994,0.0,0.0,0.0,0.024653977978246134,0,0.0,256,0,-1,0.0027729138,0.2160268,-0.33367968,-2.5453851,-0.16760445,2.3967164,0.7855606,0.016040333,0.016096879,0.0,0.0,nan,0,0.0,0.0,nan,0
4.5200000000000005,lift,4.5200000000000005,0.34959906,-0.1571169,0.01997057,-9.300881e-09,-1.8231998e-10,-0.07662567,0.99705994,0.0,0.0,0.0,0.02464502045374998,0,0.0,256,0,-1,0.0027398677,0.21225503,-0.334083,-2.5456176,-0.16757628,2.393326,0.78556085,0.016029647,0.016076945,0.0,0.0,nan,0,0.0,0.0,nan,0
4.53,lift,4.53,0.34959906,-0.1571169,0.01997057,-1.1515032e-08,-2.8070286e-08,-0.07662567,0.99705994,0.0,0.0,0.0,0.024635850675541086,0,0.0,256,0,-1,0.0027069075,0.20848328,-0.33448625,-2.5458503,-0.16754809,2.3899353,0.7855611,0.016021352,0.016061453,0.0,0.0,nan,0,0.0,0.0,nan,0
4.54,lift,4.54,0.34959906,-0.1571169,0.01997057,1.2763071e-08,1.3914729e-08,-0.07662567,0.99705994,0.0,0.0,0.0,0.02462654089991632,0,0.0,256,0,-1,0.0026740017,0.2047115,-0.33488944,-2.546083,-0.16751987,2.3865442,0.7855613,0.016014917,0.016049411,0.0,0.0,nan,0,0.0,0.0,nan,0
4.55,lift,4.55,0.34959906,-0.1571169,0.01997057,-2.4780729e-08,-1.1321906e-08,-0.07662567,0.99705994,0.0,0.0,0.0,0.02461707632363617,0,0.0,256,0,-1,0.0026411314,0.20093967,-0.3352926,-2.5463157,-0.16749164,2.383153,0.7855615,0.016009925,0.01604005,0.0,0.0,nan,0,0.0,0.0,nan,0
4.5600000000000005,lift,4.5600000000000005,0.34959906,-0.1571169,0.019970572,-8.410018e-09,3.796517e-09,-0.07662567,0.99705994,0.0,0.0,0.0,0.0246075878466263,0,0.0,256,0,-1,0.0026082834,0.19716775,-0.3356957,-2.5465488,-0.16746339,2.3797617,0.7855617,0.016006054,0.016032768,0.0,0.0,nan,0,0.0,0.0,nan,0
4.57,lift,4.57,0.34959906,-0.1571169,0.01997057,4.6518216e-09,-1.047692e-08,-0.07662567,0.99705994,0.0,0.0,0.0,0.024597910952626856,0,0.0,256,0,-1,0.0025754499,0.19339578,-0.33609882,-2.5467818,-0.16743514,2.3763702,0.78556186,0.016003054,0.016027106,0.0,0.0,nan,0,0.0,0.0,nan,0
4.58,lift,4.58,0.34959906,-0.1571169,0.01997057,-1.6186272e-08,-2.138167e-08,-0.07662567,0.99705994,0.0,0.0,0.0,0.024588047088630126,0,0.0,256,0,-1,0.002542625,0.18962373,-0.336502,-2.5470147,-0.16740687,2.3729784,0.7855621,0.016000733,0.016022699,0.0,0.0,nan,0,0.0,0.0,nan,0
4.59,lift,4.59,0.34959906,-0.1571169,0.01997057,2.2981338e-08,-1.3406819e-08,-0.07662567,0.99705994,0.0,0.0,0.0,0.024578148760356192,0,0.0,256,0,-1,0.0025098003,0.1858516,-0.33690515,-2.547248,-0.16737859,2.3695867,0.7855623,0.015998937,0.016019266,0.0,0.0,nan,0,0.0,0.0,nan,0
4.6000000000000005,lift,4.6000000000000005,0.34959906,-0.1571169,0.019970572,1.6627842e-08,1.1819398e-08,-0.07662567,0.99705994,0.0,0.0,0.0,0.024568145973143156,0,0.0,256,0,-1,0.002476978,0.18207939,-0.33730832,-2.5474806,-0.1673503,2.366195,0.78556246,0.01599755,0.016016593,0.0,0.0,nan,0,0.0,0.0,nan,0
4.61,lift,4.61,0.34959906,-0.1571169,0.01997057,-1.2152843e-09,-1.9268467e-09,-0.07662567,0.99705994,0.0,0.0,0.0,0.02455807702539524,0,0.0,256,0,-1,0.0024441571,0.17830709,-0.33771148,-2.5477133,-0.16732202,2.3628032,0.78556263,0.01599648,0.016014509,0.0,0.0,nan,0,0.0,0.0,nan,0
4.62,lift,4.62,0.34959906,-0.1571169,0.01997057,-1.787253e-09,-1.3680637e-09,-0.07662567,0.99705994,0.0,0.0,0.0,0.024547954403884787,0,0.0,256,0,-1,0.0024113385,0.17453471,-0.33811465,-2.547946,-0.16729374,2.3594115,0.7855628,0.015995657,0.016012881,0.0,0.0,nan,0,0.0,0.0,nan,0
4.63,lift,4.63,0.34959906,-0.1571169,0.01997057,-2.0621223e-09,-5.632299e-10,-0.07662567,0.99705994,0.0,0.0,0.0,0.024537797839636322,0,0.0,256,0,-1,0.0023785196,0.17076226,-0.3385178,-2.548179,-0.16726546,2.3560197,0.785563,0.015995026,0.016011607,0.0,0.0,nan,0,0.0,0.0,nan,0
4.64,lift,4.64,0.34959906,-0.1571169,0.01997057,-1.9640485e-08,1.5622762e-09,-0.07662567,0.99705994,0.0,0.0,0.0,0.02452757598551806,0,0.0,256,0,-1,0.0023457012,0.16698974,-0.33892104,-2.5484116,-0.16723718,2.352628,0.7855632,0.015994543,0.01601061,0.0,0.0,nan,0,0.0,0.0,nan,0
4.65,lift,4.65,0.34959906,-0.1571169,0.01997057,7.956454e-09,1.8466065e-10,-0.07662567,0.99705994,0.0,0.0,0.0,0.02451715910814696,0,0.0,256,0,-1,0.0023128802,0.16321714,-0.33932427,-2.5486443,-0.1672089,2.349236,0.78556335,0.015994178,0.016009828,0.0,0.0,nan,0,0.0,0.0,nan,0
4.66,lift,4.66,0.34959906,-0.1571169,0.01997057,1.4123787e-08,4.947337e-10,-0.07662567,0.99705994,0.0,0.0,0.0,0.02450670106992804,0,0.0,256,0,-1,0.002280059,0.15944448,-0.3397275,-2.548877,-0.16718061,2.345844,0.7855635,0.015993902,0.016009212,0.0,0.0,nan,0,0.0,0.0,nan,0
4.67,lift,4.67,0.34959906,-0.1571169,0.019970572,2.9190417e-08,1.2518651e-10,-0.07662567,0.99705994,0.0,0.0,0.0,0.02449618714115349,0,0.0,256,0,-1,0.002247238,0.15567175,-0.34013075,-2.5491097,-0.16715232,2.342452,0.7855637,0.015993696,0.016008725,0.0,0.0,nan,0,0.0,0.0,nan,0
4.68,lift,4.68,0.34959906,-0.1571169,0.019970572,-1.8032413e-08,2.0891868e-08,-0.07662567,0.99705994,0.0,0.0,0.0,0.024485617599599538,0,0.0,256,0,-1,0.002214415,0.15189894,-0.34053403,-2.5493424,-0.16712403,2.33906,0.7855639,0.015993543,0.016008338,0.0,0.0,nan,0,0.0,0.0,nan,0
4.69,lift,4.69,0.34959906,-0.1571169,0.01997057,3.7121424e-09,-4.7034345e-09,-0.07662567,0.99705994,0.0,0.0,0.0,0.02447500706157059,0,0.0,256,0,-1,0.002181592,0.14812607,-0.34093732,-2.549575,-0.16709575,2.335668,0.78556406,0.015993433,0.016008029,0.0,0.0,nan,0,0.0,0.0,nan,0
4.7,lift,4.7,0.34959906,-0.1571169,0.01997057,3.8211727e-09,-4.3485158e-09,-0.07662567,0.99705994,0.0,0.0,0.0,0.024464330655693325,0,0.0,256,0,-1,0.0021487684,0.1443531,-0.3413406,-2.5498078,-0.16706745,2.332276,0.78556424,0.015993359,0.016007781,0.0,0.0,nan,0,0.0,0.0,nan,0
4.71,lift,4.71,0.34959906,-0.1571169,0.01997057,3.5580514e-09,-3.5471988e-09,-0.07662567,0.99705994,0.0,0.0,0.0,0.024453611214004523,0,0.0,256,0,-1,0.002115946,0.14058009,-0.34174392,-2.5500405,-0.16703917,2.3288841,0.7855645,0.015993308,0.016007578,0.0,0.0,nan,0,0.0,0.0,nan,0
4.72,lift,4.72,0.34959906,-0.1571169,0.01997057,3.2885101e-09,-2.738181e-09,-0.07662567,0.99705994,0.0,0.0,0.0,0.02444284871751038,0,0.0,256,0,-1,0.0020831218,0.13680701,-0.34214726,-2.5502732,-0.16701089,2.3254921,0.78556466,0.015993278,0.016007412,0.0,0.0,nan,0,0.0,0.0,nan,0
4.73,lift,4.73,0.34959906,-0.1571169,0.019970572,1.8008057e-08,-1.9577069e-08,-0.07662567,0.99705994,0.0,0.0,0.0,0.024431915804858855,0,0.0,256,0,-1,0.0020502978,0.13303387,-0.3425506,-2.5505059,-0.16698259,2.3221,0.78556484,0.015993264,0.016007274,0.0,0.0,nan,0,0.0,0.0,nan,0
4.74,lift,4.74,0.34959906,-0.1571169,0.01997057,3.0382137e-09,-1.8288655e-09,-0.07662567,0.99705994,0.0,0.0,0.0,0.024421059336999035,0,0.0,256,0,-1,0.0020174733,0.12926066,-0.34295395,-2.5507386,-0.16695431,2.318708,0.785565,0.01599326,0.016007159,0.0,0.0,nan,0,0.0,0.0,nan,0
4.75,lift,4.75,0.34959906,-0.1571169,0.01997057,2.5156899e-09,-7.2833134e-10,-0.07662567,0.99705994,0.0,0.0,0.0,0.02441025615822156,0,0.0,256,0,-1,0.0019846507,0.12548737,-0.34335732,-2.550971,-0.16692603,2.3153162,0.7855652,0.015993265,0.01600706,0.0,0.0,nan,0,0.0,0.0,nan,0
4.76,lift,4.76,0.34959906,-0.1571169,0.01997057,2.2416735e-09,8.5848224e-11,-0.07662567,0.99705994,0.0,0.0,0.0,0.02439912326943124,0,0.0,256,0,-1,0.0019518267,0.12171402,-0.34376073,-2.5512033,-0.16689774,2.311924,0.7855654,0.015993278,0.016006975,0.0,0.0,nan,0,0.0,0.0,nan,0
4.7700000000000005,lift,4.7700000000000005,0.34959906,-0.1571169,0.01997057,1.7197184e-08,-2.750011e-10,-0.07662567,0.99705994,0.0,0.0,0.0,0.024388066614135274,0,0.0,256,0,-1,0.0019190023,0.11794059,-0.34416413,-2.5514355,-0.16686946,2.308532,0.78556556,0.015993299,0.016006898,0.0,0.0,nan,0,0.0,0.0,nan,0
4.78,lift,4.78,0.34959906,-0.1571169,0.01997057,-9.094319e-09,2.5615168e-09,-0.07662567,0.99705994,0.0,0.0,0.0,0.024376962805767826,0,0.0,256,0,-1,0.0018861782,0.114167094,-0.34456754,-2.5516677,-0.16684118,2.30514,0.78556573,0.015993323,0.01600683,0.0,0.0,nan,0,0.0,0.0,nan,0
4.79,lift,4.79,0.34959906,-0.1571169,0.01997057,-1.0921535e-08,-1.8489303e-08,-0.07662567,0.99705994,0.0,0.0,0.0,0.024365931197987307,0,0.0,256,0,-1,0.0018533542,0.110393524,-0.344971,-2.5519,-0.1668129,2.3017483,0.7855659,0.015993353,0.016006768,0.0,0.0,nan,0,0.0,0.0,nan,0
4.8,lift,4.8,0.34959906,-0.1571169,0.01997057,1.3362817e-08,2.3613294e-08,-0.07662567,0.99705994,0.0,0.0,0.001953125077610223,0.024354599007423622,0,0.0,256,0,-1,0.0018205292,0.106619895,-0.34537446,-2.5521321,-0.16678461,2.298356,0.7855661,0.015993385,0.01600671,0.0,0.0,nan,0,0.0,0.0,nan,0
4.8100000000000005,lift,4.8100000000000005,0.34959906,-0.1571169,0.019970572,-1.373963e-08,2.1551775e-08,-0.07662567,0.99705994,0.0012449890677459952,0.0010326086656472046,0.0020716019906152957,0.02454872997773458,0,0.0,256,0,-1,0.0017796069,0.10290316,-0.34574932,-2.5522356,-0.16675605,2.294833,0.78556645,0.015993368,0.016006706,0.0,0.0,nan,0,0.0,0.0,nan,0
4.82,lift,4.82,0.34959906,-0.1571169,0.01997057,1.7723456e-08,3.5195655e-09,-0.07662567,0.99705994,0.002509932442789656,0.0021219691712910877,0.0025837416943817093,0.024754340258668357,0,0.0,256,0,-1,0.0017377152,0.09926692,-0.3460824,-2.5521386,-0.16672656,2.2911596,0.7855666,0.01599338,0.016006678,0.0,0.0,nan,0,0.0,0.0,nan,0
4.83,lift,4.83,0.34959906,-0.1571169,0.01997057,1.105478e-08,-2.0889344e-09,-0.07662567,0.99705994,0.0037979125808812056,0.003133525822730187,0.0035210466221653235,0.0249477837010405,0,0.0,256,0,-1,0.0017011381,0.09569231,-0.34637678,-2.5518644,-0.1666962,2.2873702,0.7855666,0.015993435,0.016006613,0.0,0.0,nan,0,0.0,0.0,nan,0
4.84,lift,4.84,0.34959906,-0.1571169,0.01997057,-4.5694843e-09,1.1913722e-08,-0.07662567,0.99705994,0.005108215587345323,0.0040995732503704245,0.004580485141519636,0.02511654376360304,0,0.0,256,0,-1,0.0016713496,0.09216226,-0.3466383,-2.5514467,-0.16666521,2.2834902,0.7855665,0.015993502,0.016006539,0.0,0.0,nan,0,0.0,0.0,nan,0
4.8500000000000005,lift,4.8500000000000005,0.34959906,-0.1571169,0.019970572,-1.4889879e-08,2.4344306e-08,-0.07662567,0.99705994,0.006438459826393728,0.00504331458989547,0.005304093591116984,0.025257005183423886,0,0.0,256,0,-1,0.0016476739,0.08866521,-0.34687313,-2.550916,-0.16663375,2.2795386,0.7855662,0.015993562,0.016006472,0.0,0.0,nan,0,0.0,0.0,nan,0
4.86,lift,4.86,0.34959906,-0.1571169,0.019970572,8.129548e-10,2.3109932e-08,-0.07662567,0.99705994,0.007785618509967381,0.005979968268712338,0.006176326009269476,0.02537049327291829,0,0.0,256,0,-1,0.00162873,0.08519346,-0.3470871,-2.5502973,-0.16660197,2.2755306,0.78556585,0.01599361,0.016006416,0.0,0.0,nan,0,0.0,0.0,nan,0
4.87,lift,4.87,0.34959906,-0.1571169,0.019970572,-3.5203226e-10,8.658658e-09,-0.07662567,0.99705994,0.009146388686373436,0.0068212753282690915,0.007109486056952976,0.025460445070406103,0,0.0,256,0,-1,0.0016130869,0.08174165,-0.34728494,-2.5496106,-0.16656992,2.271478,0.78556544,0.015993647,0.016006373,0.0,0.0,nan,0,0.0,0.0,nan,0
4.88,lift,4.88,0.34959906,-0.1571169,0.019970572,2.0695476e-08,9.1108177e-10,-0.07662567,0.99705994,0.010517801916278146,0.007699488873120125,0.007812504967062258,0.025530825225873334,0,0.0,256,0,-1,0.001599544,0.07830586,-0.34747058,-2.548872,-0.16653766,2.26739,0.78556496,0.015993677,0.016006341,0.0,0.0,nan,0,0.0,0.0,nan,0
4.89,lift,4.89,0.34959906,-0.1571169,0.01997057,1.15744765e-08,3.035246e-10,-0.07662567,0.99705994,0.011897673001221715,0.008583312252066913,0.008707308878722071,0.025585199013336512,0,0.0,256,0,-1,0.0015871873,0.07488305,-0.347647,-2.5480936,-0.16650526,2.263274,0.7855645,0.015993701,0.016006313,0.0,0.0,nan,0,0.0,0.0,nan,0
4.9,lift,4.9,0.34959906,-0.1571169,0.01997057,-8.132986e-09,-1.17384475e-08,-0.07662567,0.99705994,0.013284048941660305,0.009445947193061743,0.009543378334010017,0.025627068063281504,0,0.0,256,0,-1,0.001575375,0.0714708,-0.34781656,-2.5472848,-0.16647275,2.259136,0.785564,0.015993724,0.016006287,0.0,0.0,nan,0,0.0,0.0,nan,0
4.91,lift,4.91,0.34959906,-0.1571169,0.019970572,-4.893693e-09,-8.192588e-09,-0.07662567,0.99705994,0.014675567122345115,0.010294380215748859,0.010426846038802692,0.025658846553854354,0,0.0,256,0,-1,0.0015636814,0.06806714,-0.34798098,-2.5464528,-0.16644013,2.2549803,0.7855635,0.015993746,0.016006263,0.0,0.0,nan,0,0.0,0.0,nan,0
4.92,lift,4.92,0.34959906,-0.1571169,0.01997057,-2.966178e-09,-5.520406e-09,-0.07662567,0.99705994,0.016071039767457797,0.011120257644436932,0.01126228303902871,0.02568269904679016,0,0.0,256,0,-1,0.0015518474,0.06467045,-0.34814155,-2.545603,-0.16640745,2.2508106,0.78556305,0.015993768,0.016006237,0.0,0.0,nan,0,0.0,0.0,nan,0
4.93,lift,4.93,0.34959906,-0.1571169,0.01997057,1.0717774e-08,-2.3247432e-08,-0.07662567,0.99705994,0.017469708599539308,0.01197859665185484,0.012138498019765874,0.02570037431916993,0,0.0,256,0,-1,0.0015397301,0.061279394,-0.3482993,-2.5447395,-0.16637471,2.24663,0.7855626,0.015993794,0.01600621,0.0,0.0,nan,0,0.0,0.0,nan,0
4.94,lift,4.94,0.34959906,-0.1571169,0.01997057,-1.9334973e-08,1.1947384e-08,-0.07662567,0.99705994,0.018870760333224088,0.012810799185842542,0.01295558823898133,0.025713213874220844,0,0.0,256,0,-1,0.0015272644,0.05789285,-0.3484549,-2.5438657,-0.16634195,2.2424405,0.7855621,0.01599382,0.016006185,0.0,0.0,nan,0,0.0,0.0,nan,0
4.95,lift,4.95,0.34959906,-0.1571169,0.01997057,-1.9406375e-08,-2.0391133e-09,-0.07662567,0.99705994,0.02027407965126415,0.013655794745386704,0.013724118061928192,0.025722471624084167,0,0.0,256,0,-1,0.0015144334,0.05450993,-0.3486089,-2.542984,-0.16630915,2.2382443,0.7855616,0.015993848,0.016006157,0.0,0.0,nan,0,0.0,0.0,nan,0
4.96,lift,4.96,0.34959906,-0.1571169,0.01997057,-1.6878392e-09,-1.0567284e-08,-0.07662567,0.99705994,0.021679360110852433,0.014498724763932942,0.014648470242006861,0.025728748761501427,0,0.0,256,0,-1,0.0015012535,0.05112988,-0.3487617,-2.5420961,-0.16627632,2.2340426,0.78556114,0.015993878,0.016006127,0.0,0.0,nan,0,0.0,0.0,nan,0
4.97,lift,4.97,0.34959906,-0.1571169,0.01997057,-1.0943015e-08,2.7191538e-09,-0.07662567,0.99705994,0.023085888481426453,0.015349924427081203,0.015440847235461757,0.0257325611750724,0,0.0,256,0,-1,0.0014877543,0.047752105,-0.3489136,-2.5412035,-0.16624348,2.2298365,0.78556067,0.015993908,0.016006097,0.0,0.0,nan,0,0.0,0.0,nan,0
4.98,lift,4.98,0.34959906,-0.1571169,0.01997057,-1.756564e-08,-2.2451024e-08,-0.07662567,0.99705994,0.024493965869360094,0.016187292627174006,0.01628259574933124,0.025734771037082927,0,0.0,256,0,-1,0.0014739725,0.04437612,-0.34906486,-2.5403073,-0.16621062,2.2256272,0.7855602,0.015993938,0.016006067,0.0,0.0,nan,0,0.0,0.0,nan,0
4.99,lift,4.99,0.34959906,-0.1571169,0.01997057,1.0193134e-09,-2.59503e-08,-0.07662567,0.99705994,0.025903280972727975,0.017031748136329898,0.01713865475862735,0.02573549103062767,0,0.0,256,0,-1,0.0014599467,0.04100154,-0.34921557,-2.5394084,-0.16617775,2.221415,0.78555965,0.015993971,0.016006034,0.0,0.0,nan,0,0.0,0.0,nan,0
5.0,lift,5.0,0.34959906,-0.1571169,0.01997057,-5.686246e-09,-9.451763e-10,-0.07662567,0.99705994,0.027313683688020597,0.017872689967832506,0.017953943400873053,0.025735070604413827,0,0.0,256,0,-1,0.0014457146,0.03762805,-0.3493659,-2.5385075,-0.16614488,2.2172008,0.7855592,0.015994005,0.016006,0.0,0.0,nan,0,0.0,0.0,nan,0
5.01,lift,5.01,0.34959906,-0.1571169,0.019970572,-6.066625e-09,2.8018318e-10,-0.07662567,0.99705994,0.028725030789371938,0.018713974766077057,0.01878462379329178,0.025733762227614206,0,0.0,256,0,-1,0.0014313104,0.03425541,-0.34951591,-2.5376048,-0.166112,2.2129848,0.7855587,0.015994038,0.016005967,0.0,0.0,nan,0,0.0,0.0,nan,0
5.0200000000000005,lift,5.0200000000000005,0.34959906,-0.1571169,0.019970572,-2.1563428e-08,2.2666045e-09,-0.07662567,0.99705994,0.030137467878256486,0.019549427845913556,0.019616591743839368,0.025731695785856688,0,0.0,256,0,-1,0.0014167625,0.030883418,-0.34966573,-2.536701,-0.16607912,2.2087674,0.7855582,0.015994072,0.016005933,0.0,0.0,nan,0,0.0,0.0,nan,0
5.03,lift,5.03,0.34959906,-0.1571169,0.01997057,-9.283544e-09,-1.1541451e-10,-0.07662567,0.99705994,0.03155088960010087,0.02039923568423082,0.020449690245129708,0.025728996650649243,0,0.0,256,0,-1,0.0014020975,0.027511915,-0.34981537,-2.5357957,-0.16604622,2.204549,0.78555775,0.015994105,0.0160059,0.0,0.0,nan,0,0.0,0.0,nan,0
5.04,lift,5.04,0.34959906,-0.1571169,0.01997057,-3.438053e-09,-2.082254e-08,-0.07662567,0.99705994,0.032965223904123445,0.021239204538603784,0.02131736648779103,0.025725826416057068,0,0.0,256,0,-1,0.0013873362,0.02414077,-0.3499649,-2.53489,-0.16601333,2.2003298,0.7855572,0.015994139,0.016005866,0.0,0.0,nan,0,0.0,0.0,nan,0
5.05,lift,5.05,0.34959906,-0.1571169,0.019970572,2.3397606e-09,-8.914658e-09,-0.07662567,0.99705994,0.03438052354857337,0.02209380657922271,0.022172598976771225,0.025722363277125404,0,0.0,256,0,-1,0.0013724983,0.020769896,-0.35011432,-2.5339835,-0.16598044,2.19611,0.78555673,0.015994173,0.016005833,0.0,0.0,nan,0,0.0,0.0,nan,0
5.0600000000000005,lift,5.0600000000000005,0.34959906,-0.1571169,0.01997057,-8.188772e-10,-2.1219233e-08,-0.07662567,0.99705994,0.03579659839495067,0.022932500328052947,0.02298567786201649,0.02571846150284824,0,0.0,256,0,-1,0.0013575964,0.017399216,-0.35026366,-2.5330765,-0.16594756,2.1918895,0.7855562,0.015994206,0.0160058,0.0,0.0,nan,0,0.0,0.0,nan,0
5.07,lift,5.07,0.34959906,-0.1571169,0.01997057,-2.4531982e-10,-9.779727e-09,-0.07662567,0.99705994,0.03721363831913695,0.023785856045068835,0.023861062847060847,0.0257143860884935,0,0.0,256,0,-1,0.0013426463,0.014028673,-0.35041294,-2.532169,-0.16591467,2.1876688,0.7855557,0.01599424,0.016005766,0.0,0.0,nan,0,0.0,0.0,nan,0
5.08,lift,5.08,0.34959906,-0.1571169,0.01997057,-1.7666164e-10,-5.026609e-09,-0.07662567,0.99705994,0.03863134779214168,0.024632089263696533,0.024695798719598552,0.025710167382564153,0,0.0,256,0,-1,0.0013276556,0.010658219,-0.35056219,-2.5312614,-0.1658818,2.1834478,0.78555524,0.015994273,0.016005732,0.0,0.0,nan,0,0.0,0.0,nan,0
5.09,lift,5.09,0.34959906,-0.1571169,0.01997057,-4.4048015e-10,-4.1494097e-09,-0.07662567,0.99705994,0.04005002409812003,0.025485960259618728,0.02553126019892683,0.02570562088758821,0,0.0,256,0,-1,0.0013126332,0.0072878134,-0.3507114,-2.5303535,-0.16584891,2.1792264,0.78555477,0.015994307,0.016005699,0.0,0.0,nan,0,0.0,0.0,nan,0
5.1000000000000005,lift,5.1000000000000005,0.34959906,-0.1571169,0.01997057,-1.8801225e-09,-1.856432e-08,-0.07662567,0.99705994,0.041469436181521,0.026337659863564414,0.026403523448528102,0.02570103866121851,0,0.0,256,0,-1,0.0012975845,0.0039174333,-0.3508606,-2.5294454,-0.16581602,2.175005,0.7855543,0.01599434,0.016005665,0.0,0.0,nan,0,0.0,0.0,nan,0
5.11,lift,5.11,0.34959906,-0.1571169,0.01997057,-1.2769098e-09,-7.1612325e-09,-0.07662567,0.99705994,0.04288978316389706,0.02718702904147379,0.027274117674602555,0.025696096313617734,0,0.0,256,0,-1,0.0012825165,0.0005470575,-0.3510098,-2.528537,-0.16578315,2.170783,0.7855538,0.015994374,0.016005632,0.0,0.0,nan,0,0.0,0.0,nan,0
5.12,lift,5.12,0.34959906,-0.1571169,0.01997057,-1.2233168e-09,-2.2060371e-09,-0.07662567,0.99705994,0.04431070971096299,0.028039397383490237,0.028109289878819034,0.025691155498697264,0,0.0,256,0,-1,0.001267431,-0.0028233307,-0.35115898,-2.5276287,-0.16575027,2.1665611,0.7855533,0.015994407,0.016005598,0.0,0.0,nan,0,0.0,0.0,nan,0
5.13,lift,5.13,0.34959906,-0.1571169,0.01997057,-1.4873945e-09,-1.3253612e-09,-0.07662567,0.99705994,0.045732570174388164,0.02889331658197377,0.02895331353027113,0.02568607495016912,0,0.0,256,0,-1,0.0012523318,-0.0061937436,-0.35130817,-2.5267198,-0.1657174,2.1623392,0.7855528,0.01599444,0.016005564,0.0,0.0,nan,0,0.0,0.0,nan,0
5.14,lift,5.14,0.34959906,-0.1571169,0.01997057,-1.7569524e-09,-5.1497445e-10,-0.07662567,0.99705994,0.047155229676173374,0.029749741261170703,0.02979743633737335,0.025680973176547665,0,0.0,256,0,-1,0.0012372222,-0.009564201,-0.35145733,-2.525811,-0.16568452,2.1581173,0.7855523,0.015994474,0.016005531,0.0,0.0,nan,0,0.0,0.0,nan,0
5.15,lift,5.15,0.34959906,-0.1571169,0.01997057,-2.0266047e-09,2.941997e-10,-0.07662567,0.99705994,0.048578435201253926,0.030600034571899304,0.03064165025016171,0.02567584736813886,0,0.0,256,0,-1,0.0012221062,-0.012934706,-0.35160652,-2.524902,-0.16565165,2.1538954,0.78555185,0.01599451,0.016005494,0.0,0.0,nan,0,0.0,0.0,nan,0
5.16,lift,5.16,0.34959906,-0.1571169,0.01997057,-2.2962587e-09,1.103353e-09,-0.07662567,0.99705994,0.0500025141563881,0.03145996235277129,0.031493519709415635,0.025670544509811304,0,0.0,256,0,-1,0.0012069826,-0.016305258,-0.35175568,-2.5239933,-0.16561878,2.1496732,0.78555137,0.015994545,0.01600546,0.0,0.0,nan,0,0.0,0.0,nan,0
5.17,lift,5.17,0.34959906,-0.1571169,0.01997057,-2.5659128e-09,1.912506e-09,-0.07662567,0.99705994,0.051427317759023206,0.03231257754111571,0.03235244018313368,0.025664993735543828,0,0.0,256,0,-1,0.0011918554,-0.019675862,-0.35190487,-2.5230842,-0.1655859,2.1454508,0.7855509,0.01599458,0.016005423,0.0,0.0,nan,0,0.0,0.0,nan,0
5.18,lift,5.18,0.34959906,-0.1571169,0.019970568,-9.863143e-09,1.0919316e-08,-0.07662567,0.99705994,0.05285298199123329,0.03316934759845282,0.03321786491448415,0.025659493766224683,0,0.0,256,0,-1,0.0011767228,-0.02304653,-0.35205406,-2.5221748,-0.16555303,2.1412287,0.7855504,0.015994616,0.016005388,0.0,0.0,nan,0,0.0,0.0,nan,0
5.19,lift,5.19,0.34959906,-0.1571169,0.019970572,1.8713238e-09,-2.385764e-09,-0.07662567,0.99705994,0.05427923021458605,0.034030288805261356,0.0340753073025524,0.02565380046566438,0,0.0,256,0,-1,0.0011615872,-0.026417268,-0.35220325,-2.5212655,-0.16552016,2.1370063,0.7855499,0.015994653,0.016005352,0.0,0.0,nan,0,0.0,0.0,nan,0
5.2,lift,5.2,0.34959906,-0.1571169,0.01997057,1.1584681e-08,-1.3238304e-08,-0.07662567,0.99705994,0.055706301236917236,0.034891645131360886,0.034925355367444275,0.02564822487883181,0,0.0,256,0,-1,0.0011464489,-0.029788071,-0.35235244,-2.5203562,-0.16548729,2.1327841,0.7855494,0.015994688,0.016005315,0.0,0.0,nan,0,0.0,0.0,nan,0
5.21,lift,5.21,0.34959906,-0.1571169,0.01997057,-1.8448391e-08,2.2105027e-08,-0.07662567,0.99705994,0.057133862482092616,0.03575167322300884,0.03578852865911877,0.025642461294737608,0,0.0,256,0,-1,0.0011313095,-0.033158936,-0.35250163,-2.5194468,-0.16545442,2.1285617,0.7855489,0.015994726,0.01600528,0.0,0.0,nan,0,0.0,0.0,nan,0
5.22,lift,5.22,0.34959906,-0.1571169,0.019970572,-4.355978e-09,6.0316347e-09,-0.07662567,0.99705994,0.058562325713753416,0.03660898230764505,0.03664438568901429,0.0256366560719252,0,0.0,256,0,-1,0.0011161696,-0.036529873,-0.35265082,-2.5185375,-0.16542155,2.1243393,0.78554845,0.015994761,0.016005242,0.0,0.0,nan,0,0.0,0.0,nan,0
5.23,lift,5.23,0.34959906,-0.1571169,0.019970572,-4.378591e-09,6.5503905e-09,-0.07662567,0.99705994,0.059991272792112,0.03747001903041875,0.03750614405605168,0.025630970206610076,0,0.0,256,0,-1,0.0011010275,-0.039900873,-0.3528,-2.5176282,-0.16538867,2.1201172,0.785548,0.015994798,0.016005207,0.0,0.0,nan,0,0.0,0.0,nan,0
5.24,lift,5.24,0.34959906,-0.1571169,0.019970572,-4.643983e-09,7.354534e-09,-0.07662567,0.99705994,0.06142099047096429,0.03833746978770464,0.038367192374409526,0.025625094520317644,0,0.0,256,0,-1,0.001085886,-0.043271936,-0.35294923,-2.5167189,-0.1653558,2.1158948,0.78554744,0.015994834,0.01600517,0.0,0.0,nan,0,0.0,0.0,nan,0
5.25,lift,5.25,0.34959906,-0.1571169,0.019970572,-1.1941138e-08,1.636127e-08,-0.07662567,0.99705994,0.06285161624610412,0.03920106781935051,0.03920933864882781,0.02561919968454794,0,0.0,256,0,-1,0.0010707405,-0.046643067,-0.35309848,-2.515809,-0.16532293,2.1116726,0.78554696,0.015994871,0.016005132,0.0,0.0,nan,0,0.0,0.0,nan,0
5.26,lift,5.26,0.34959906,-0.1571169,0.01997057,2.5816844e-08,-1.059866e-08,-0.07662567,0.99705994,0.06428266350166008,0.04005845000036622,0.04006949482949367,0.025613102140996415,0,0.0,256,0,-1,0.0010555943,-0.05001428,-0.35324773,-2.5148993,-0.16529006,2.1074502,0.7855464,0.015994908,0.016005095,0.0,0.0,nan,0,0.0,0.0,nan,0
5.2700000000000005,lift,5.2700000000000005,0.34959906,-0.1571169,0.01997057,-2.5543456e-09,1.10985825e-08,-0.07662567,0.99705994,0.06571451797738603,0.040931461706131045,0.04096399177789398,0.02560695894237531,0,0.0,256,0,-1,0.0010404463,-0.05338557,-0.35339698,-2.5139894,-0.16525719,2.1032279,0.78554595,0.015994946,0.016005058,0.0,0.0,nan,0,0.0,0.0,nan,0
5.28,lift,5.28,0.34959906,-0.1571169,0.019970572,-1.2481841e-08,1.8624311e-08,-0.07662567,0.99705994,0.0671470275996967,0.04179516103961649,0.04182227196139044,0.025600929972216066,0,0.0,256,0,-1,0.0010252994,-0.056756932,-0.35354623,-2.5130796,-0.16522431,2.0990057,0.78554547,0.015994983,0.01600502,0.0,0.0,nan,0,0.0,0.0,nan,0
5.29,lift,5.29,0.34959906,-0.1571169,0.019970572,2.7474346e-08,7.78434e-09,-0.07662567,0.99705994,0.06858015807215088,0.04266428616756112,0.04268564097424211,0.025594709052899598,0,0.0,256,0,-1,0.001010152,-0.06012836,-0.35369548,-2.5121698,-0.16519146,2.0947833,0.785545,0.01599502,0.016004983,0.0,0.0,nan,0,0.0,0.0,nan,0
5.3,lift,5.3,0.34959906,-0.1571169,0.019970572,5.7071285e-09,1.5603403e-08,-0.07662567,0.99705994,0.07001389882282825,0.04353009253273198,0.04358116054271183,0.025588453245372338,0,0.0,256,0,-1,0.0009950062,-0.06349985,-0.35384473,-2.51126,-0.1651586,2.090561,0.7855445,0.015995057,0.016004946,0.0,0.0,nan,0,0.0,0.0,nan,0
5.3100000000000005,lift,5.3100000000000005,0.34959906,-0.1571169,0.01997057,-3.7419245e-09,1.454299e-08,-0.07662567,0.99705994,0.071448215723385,0.04439528646496617,0.04443719057442588,0.025582309494447057,0,0.0,256,0,-1,0.0009798594,-0.06687142,-0.35399398,-2.5103502,-0.16512576,2.0863388,0.78554404,0.015995095,0.016004909,0.0,0.0,nan,0,0.0,0.0,nan,0
5.32,lift,5.32,0.34959906,-0.1571169,0.01997057,1.5016052e-08,5.1854645e-09,-0.07662567,0.99705994,0.07288319704421434,0.04526682310336674,0.04529810157432484,0.02557590402624484,0,0.0,256,0,-1,0.00096471334,-0.07024305,-0.3541433,-2.5094402,-0.1650929,2.0821164,0.7855435,0.015995132,0.016004872,0.0,0.0,nan,0,0.0,0.0,nan,0
5.33,lift,5.33,0.34959906,-0.1571169,0.01997057,1.899044e-08,-1.0771706e-08,-0.07662567,0.99705994,0.07431897615504464,0.04614137873555216,0.04615328930811232,0.02556953679223853,0,0.0,256,0,-1,0.0009495641,-0.07361477,-0.3542926,-2.50853,-0.16506006,2.0778942,0.785543,0.015995169,0.016004834,0.0,0.0,nan,0,0.0,0.0,nan,0
5.34,lift,5.34,0.34959906,-0.1571169,0.01997057,4.2040824e-09,3.7620612e-08,-0.07662567,0.99705994,0.07575532212569444,0.04701042829742701,0.04702842378851515,0.025562966776134212,0,0.0,256,0,-1,0.0009344142,-0.076986566,-0.3544419,-2.5076196,-0.16502722,2.0736718,0.78554255,0.015995206,0.016004797,0.0,0.0,nan,0,0.0,0.0,nan,0
5.3500000000000005,lift,5.3500000000000005,0.34959906,-0.1571169,0.01997057,1.1912037e-09,6.8039743e-09,-0.07662567,0.99705994,0.0771923148799663,0.04788160112468927,0.0479074835716012,0.02555635397856213,0,0.0,256,0,-1,0.00091926404,-0.08035844,-0.35459122,-2.5067093,-0.16499437,2.0694494,0.7855421,0.015995244,0.01600476,0.0,0.0,nan,0,0.0,0.0,nan,0
5.36,lift,5.36,0.34959906,-0.1571169,0.01997057,8.7434665e-10,7.0691226e-09,-0.07662567,0.99705994,0.07862981875694983,0.048753416472915624,0.048785369362143644,0.025549858549658567,0,0.0,256,0,-1,0.00090411445,-0.08373038,-0.35474053,-2.505799,-0.16496153,2.0652273,0.7855416,0.01599528,0.016004723,0.0,0.0,nan,0,0.0,0.0,nan,0
5.37,lift,5.37,0.34959906,-0.1571169,0.01997057,6.038784e-10,7.868891e-09,-0.07662567,0.99705994,0.08006784822016687,0.04962414986389733,0.049652540033924844,0.025543176182993094,0,0.0,256,0,-1,0.0008889656,-0.087102376,-0.35488984,-2.5048888,-0.16492869,2.0610049,0.7855411,0.015995318,0.016004685,0.0,0.0,nan,0,0.0,0.0,nan,0
5.38,lift,5.38,0.34959906,-0.1571169,0.01997057,3.3421035e-10,8.6778815e-09,-0.07662567,0.99705994,0.08150649053587401,0.05049850003540964,0.0505237078499443,0.025536606176802645,0,0.0,256,0,-1,0.0008738174,-0.09047445,-0.35503915,-2.5039785,-0.16489585,2.0567827,0.78554064,0.015995355,0.016004648,0.0,0.0,nan,0,0.0,0.0,nan,0
5.39,lift,5.39,0.34959906,-0.1571169,0.01997057,-1.6177548e-08,-2.5743543e-09,-0.07662567,0.99705994,0.08294585361116803,0.05137332972770303,0.051407947179318306,0.0255298482423564,0,0.0,256,0,-1,0.00085866894,-0.09384658,-0.35518852,-2.5030682,-0.164863,2.0525603,0.7855401,0.015995393,0.01600461,0.0,0.0,nan,0,0.0,0.0,nan,0
5.4,lift,5.4,0.34959906,-0.1571169,0.01997057,9.149371e-09,-8.015361e-09,-0.07662567,0.99705994,0.08438592494272218,0.05225150341790796,0.05227267410920892,0.02552290401246652,0,0.0,256,0,-1,0.00084351853,-0.0972188,-0.3553379,-2.5021574,-0.16483016,2.048338,0.7855396,0.01599543,0.016004574,0.0,0.0,nan,0,0.0,0.0,nan,0
5.41,lift,5.41,0.34959906,-0.1571169,0.019970572,9.184009e-09,-8.304456e-10,-0.07662567,0.99705994,0.08582642290582923,0.053128154443314514,0.05316371185572493,0.02551607211009949,0,0.0,256,0,-1,0.000828367,-0.100591086,-0.35548726,-2.5012467,-0.16479732,2.0441158,0.78553915,0.015995469,0.016004534,0.0,0.0,nan,0,0.0,0.0,nan,0
5.42,lift,5.42,0.34959906,-0.1571169,0.01997057,1.5278896e-08,9.239377e-09,-0.07662567,0.99705994,0.0872675831013154,0.054005156347901526,0.054035650552446,0.025509037391128905,0,0.0,256,0,-1,0.0008132159,-0.10396346,-0.35563663,-2.500336,-0.16476448,2.0398934,0.7855386,0.01599551,0.016004495,0.0,0.0,nan,0,0.0,0.0,nan,0
5.43,lift,5.43,0.34959906,-0.1571169,0.01997057,-1.9805247e-08,-1.9922128e-08,-0.07662567,0.99705994,0.08870917106770897,0.05488253415492911,0.05490243128599958,0.02550212568734548,0,0.0,256,0,-1,0.00079806586,-0.10733589,-0.355786,-2.4994252,-0.16473164,2.0356712,0.78553814,0.015995549,0.016004456,0.0,0.0,nan,0,0.0,0.0,nan,0
5.44,lift,5.44,0.34959906,-0.1571169,0.019970572,2.0957629e-08,-1.440806e-08,-0.07662567,0.99705994,0.09015138852630171,0.055761757147743105,0.05578994492610039,0.025495016449182915,0,0.0,256,0,-1,0.00078291533,-0.11070839,-0.35593536,-2.4985144,-0.1646988,2.0314488,0.78553766,0.015995588,0.016004415,0.0,0.0,nan,0,0.0,0.0,nan,0
5.45,lift,5.45,0.34959906,-0.1571169,0.01997057,-1.6835694e-08,-1.1557843e-10,-0.07662567,0.99705994,0.09159415029815342,0.05664238592157155,0.05666777083776463,0.025487870059131588,0,0.0,256,0,-1,0.00076776644,-0.114080966,-0.35608473,-2.4976037,-0.16466595,2.0272264,0.7855372,0.01599563,0.016004376,0.0,0.0,nan,0,0.0,0.0,nan,0
5.46,lift,5.46,0.34959906,-0.1571169,0.01997057,-9.927517e-10,-1.1071256e-08,-0.07662567,0.99705994,0.0930373172469719,0.05752105668981542,0.05754464061481446,0.025480841853250374,0,0.0,256,0,-1,0.00075261685,-0.117453605,-0.3562341,-2.496693,-0.16463311,2.0230043,0.78553665,0.015995668,0.016004335,0.0,0.0,nan,0,0.0,0.0,nan,0
5.47,lift,5.47,0.34959906,-0.1571169,0.01997057,-1.0280283e-08,2.1733044e-09,-0.07662567,0.99705994,0.09448120553806773,0.05840360805890308,0.05842876019599605,0.025473615733882123,0,0.0,256,0,-1,0.00073746865,-0.12082632,-0.3563835,-2.4957821,-0.16460027,2.018782,0.78553617,0.01599571,0.016004294,0.0,0.0,nan,0,0.0,0.0,nan,0
5.48,lift,5.48,0.34959906,-0.1571169,0.01997057,-2.393104e-08,-1.4799938e-08,-0.07662567,0.99705994,0.09592560148856359,0.059285660396065906,0.05930774506551428,0.025466367360408717,0,0.0,256,0,-1,0.000722317,-0.1241991,-0.35653293,-2.494871,-0.16456744,2.0145597,0.7855357,0.01599575,0.016004255,0.0,0.0,nan,0,0.0,0.0,nan,0
5.49,lift,5.49,0.34959906,-0.1571169,0.01997057,-1.3529944e-08,-8.715623e-09,-0.07662567,0.99705994,0.09737054791298702,0.060167950437045564,0.06019766716870738,0.02545892139628284,0,0.0,256,0,-1,0.0007071651,-0.12757196,-0.35668236,-2.4939597,-0.16453463,2.0103374,0.7855352,0.015995791,0.016004214,0.0,0.0,nan,0,0.0,0.0,nan,0
5.5,lift,5.5,0.34959906,-0.1571169,0.01997057,4.6694676e-10,4.205795e-09,-0.07662567,0.99705994,0.09881611419827659,0.06105278357153477,0.06108633927094286,0.025451593716249603,0,0.0,256,0,-1,0.0006920117,-0.13094488,-0.3568318,-2.4930484,-0.16450182,2.0061152,0.78553474,0.015995832,0.016004173,0.0,0.0,nan,0,0.0,0.0,nan,0
5.51,transfer,5.51,0.34959906,-0.1571169,0.01997057,3.641381e-09,7.958713e-09,-0.07662567,0.99705994,0.10016787065280609,0.06169524363262766,0.061711617127695545,0.020987803404073087,0,0.0,256,0,-1,0.0009204939,-0.13401508,-0.3567323,-2.4921582,-0.16426603,2.002557,0.7855353,0.015998814,0.016001191,0.0,0.0,nan,0,0.0,0.0,nan,0
5.5200000000000005,transfer,5.5200000000000005,0.34959906,-0.1571169,0.019970572,-2.6866115e-08,1.3152594e-08,-0.07662567,0.99705994,0.10133655056427962,0.06170330548313698,0.06171934473239849,0.018602142777858068,0,0.0,256,0,-1,0.001671455,-0.13651434,-0.3561069,-2.4913294,-0.16378447,1.9998004,0.78553605,0.016003573,0.015996432,0.0,0.0,nan,0,0.0,0.0,nan,0
5.53,transfer,5.53,0.34959906,-0.1571169,0.019970572,-1.1074194e-09,-9.557915e-09,-0.07662567,0.99705994,0.10231336946535734,0.06100807728719389,0.061035571590313704,0.01784370814932314,0,0.0,256,0,-1,0.002996837,-0.13843268,-0.35490564,-2.4906063,-0.16310759,1.9976757,0.7855366,0.016007831,0.015992174,0.0,0.0,nan,0,0.0,0.0,nan,0
5.54,transfer,5.54,0.34959906,-0.1571169,0.01997057,1.2230784e-09,-7.540122e-09,-0.07662567,0.99705994,0.1031268975287116,0.05972126279807669,0.0597483761921095,0.01801394472932246,0,0.0,256,0,-1,0.0048445044,-0.13983992,-0.35318142,-2.490001,-0.1622766,1.9960454,0.7855368,0.016010668,0.01598934,0.0,0.0,nan,0,0.0,0.0,nan,0
5.55,transfer,5.55,0.34959906,-0.1571169,0.01997057,-1.7181022e-10,-2.1935346e-08,-0.07662567,0.99705994,0.10382104126324761,0.05804291803188926,0.05808083270609776,0.018556393540828046,0,0.0,256,0,-1,0.0071256543,-0.14082691,-0.35102323,-2.4895024,-0.16132417,1.994803,0.78553677,0.016012002,0.015988015,0.0,0.0,nan,0,0.0,0.0,nan,0
5.5600000000000005,transfer,5.5600000000000005,0.34959906,-0.1571169,0.019970572,-1.4979851e-09,-8.391819e-09,-0.07662567,0.99705994,0.10443934306000298,0.05619439713876809,0.05621572647081042,0.019164110483012548,0,0.0,256,0,-1,0.009747624,-0.14148252,-0.34852362,-2.4890912,-0.16027611,1.9938655,0.7855365,0.016012106,0.01598792,0.0,0.0,nan,0,0.0,0.0,nan,0
5.57,transfer,5.57,0.34959906,-0.1571169,0.01997057,-2.1284878e-09,-3.8171056e-08,-0.07662567,0.99705994,0.10502111850708541,0.054381517049002875,0.054400678882024746,0.019706981608774186,0,0.0,256,0,-1,0.012628026,-0.14188428,-0.3457649,-2.4887457,-0.15915282,1.9931681,0.78553617,0.01601135,0.015988687,0.0,0.0,nan,0,0.0,0.0,nan,0
5.58,transfer,5.58,0.34959906,-0.1571169,0.01997057,1.2029922e-10,-5.849174e-09,-0.07662567,0.99705994,0.10559730149250425,0.05278920535376858,0.052812712563407964,0.020146735511537842,0,0.0,256,0,-1,0.015699307,-0.14209573,-0.3428145,-2.4884474,-0.15797034,1.9926599,0.78553575,0.016010072,0.015989978,0.0,0.0,nan,0,0.0,0.0,nan,0
5.59,transfer,5.59,0.34959906,-0.1571169,0.01997057,-1.04227765e-10,-4.521418e-09,-0.07662567,0.99705994,0.10619167698893686,0.0515832569324762,0.051588523311967296,0.020484829601078836,0,0.0,256,0,-1,0.018908761,-0.14216682,-0.33972502,-2.488181,-0.15674134,1.992301,0.7855353,0.016008537,0.015991524,0.0,0.0,nan,0,0.0,0.0,nan,0
5.6000000000000005,transfer,5.6000000000000005,0.34959906,-0.1571169,0.01997057,-3.7310327e-10,-3.7033185e-09,-0.07662567,0.99705994,0.10682119357595415,0.05087802838619809,0.05089517881761823,0.020736978145868668,0,0.0,256,0,-1,0.02221664,-0.14213568,-0.33653623,-2.4879358,-0.15547575,1.99206,0.7855348,0.016006935,0.015993135,0.0,0.0,nan,0,0.0,0.0,nan,0
5.61,transfer,5.61,0.34959906,-0.1571169,0.01997057,-3.122366e-09,-3.5517473e-08,-0.07662567,0.99705994,0.10749731893028108,0.050782749696804685,0.05082016342020692,0.020921411586009762,0,0.0,256,0,-1,0.025593689,-0.1420308,-0.33327743,-2.487703,-0.1541814,1.9919119,0.78553444,0.01600539,0.01599469,0.0,0.0,nan,0,0.0,0.0,nan,0
5.62,transfer,5.62,0.34959906,-0.1571169,0.01997057,-9.239017e-10,-3.0514655e-09,-0.07662567,0.99705994,0.10822761267286009,0.05132147173476832,0.051347614046698124,0.021054709359023687,0,0.0,256,0,-1,0.029018797,-0.14187314,-0.3299698,-2.4874778,-0.15286446,1.9918373,0.7855341,0.016003972,0.015996117,0.0,0.0,nan,0,0.0,0.0,nan,0
5.63,transfer,5.63,0.34959906,-0.1571169,0.01997057,-1.1510997e-09,-1.6977615e-09,-0.07662567,0.99705994,0.10901724761483954,0.052508131232374154,0.052541117904318015,0.02115027206899358,0,0.0,256,0,-1,0.032476965,-0.14167789,-0.3266284,-2.487256,-0.15152976,1.9918205,0.7855337,0.016002718,0.015997378,0.0,0.0,nan,0,0.0,0.0,nan,0
5.64,transfer,5.64,0.34959906,-0.1571169,0.01997057,-1.4200213e-09,-8.792145e-10,-0.07662567,0.99705994,0.10986824380100052,0.05431324525643168,0.05434366767269803,0.021218442025212076,0,0.0,256,0,-1,0.035957668,-0.14145598,-0.32326385,-2.4870355,-0.1501811,1.9918493,0.7855335,0.016001636,0.015998466,0.0,0.0,nan,0,0.0,0.0,nan,0
5.65,transfer,5.65,0.34959906,-0.1571169,0.019970572,-1.9158486e-08,-1.5045314e-08,-0.07662567,0.99705994,0.11078189515494029,0.05669004633067432,0.056718242779482196,0.02126694660166668,0,0.0,256,0,-1,0.039453607,-0.14121518,-0.31988356,-2.486815,-0.14882146,1.9919143,0.78553325,0.016000723,0.015999382,0.0,0.0,nan,0,0.0,0.0,nan,0
5.66,transfer,5.66,0.34959906,-0.1571169,0.019970572,-8.049874e-09,2.5687804e-08,-0.07662567,0.99705994,0.11175821527268968,0.05956423870816548,0.0595925251117429,0.021301385441550174,0,0.0,256,0,-1,0.042959765,-0.140961,-0.31649262,-2.4865935,-0.14745317,1.9920076,0.785533,0.015999967,0.016000144,0.0,0.0,nan,0,0.0,0.0,nan,0
5.67,transfer,5.67,0.34959906,-0.1571169,0.01997057,6.8516397e-09,9.71494e-09,-0.07662567,0.99705994,0.11279660547331963,0.06287836925649508,0.06290186036484616,0.0213258864798969,0,0.0,256,0,-1,0.04647273,-0.14069737,-0.31309453,-2.486371,-0.14607811,1.9921234,0.7855329,0.015999347,0.016000768,0.0,0.0,nan,0,0.0,0.0,nan,0
5.68,transfer,5.68,0.34959906,-0.1571169,0.01997057,-8.478854e-09,-2.8994327e-09,-0.07662567,0.99705994,0.11389606546551048,0.06656689573111543,0.06659217976251033,0.02134324907383873,0,0.0,256,0,-1,0.049990185,-0.14042704,-0.30969164,-2.4861472,-0.14469771,1.9922568,0.7855328,0.015998846,0.016001273,0.0,0.0,nan,0,0.0,0.0,nan,0
5.69,transfer,5.69,0.34959906,-0.1571169,0.01997057,-4.0095482e-09,1.6064497e-08,-0.07662567,0.99705994,0.11505503680136384,0.07056803804890854,0.0705801525320647,0.021355632553424094,0,0.0,256,0,-1,0.05351059,-0.14015192,-0.30628556,-2.4859223,-0.14331312,1.992404,0.78553265,0.015998444,0.016001675,0.0,0.0,nan,0,0.0,0.0,nan,0
5.7,transfer,5.7,0.34959906,-0.1571169,0.01997057,-4.0946038e-09,-7.461089e-09,-0.07662567,0.99705994,0.11627214406005407,0.0748321492104992,0.07485009572094753,0.021364348117477946,0,0.0,256,0,-1,0.057032917,-0.13987339,-0.30287737,-2.485696,-0.14192523,1.9925622,0.78553253,0.015998127,0.016001996,0.0,0.0,nan,0,0.0,0.0,nan,0
5.71,transfer,5.71,0.34959906,-0.1571169,0.01997057,1.1435246e-08,-1.1692978e-09,-0.07662567,0.99705994,0.11754550441015733,0.07931742048412524,0.07933550342342612,0.02137054537583282,0,0.0,256,0,-1,0.060556483,-0.13959241,-0.29946777,-2.485469,-0.14053474,1.9927291,0.7855324,0.015997877,0.016002247,0.0,0.0,nan,0,0.0,0.0,nan,0
5.72,transfer,5.72,0.34959906,-0.1571169,0.01997057,1.3739316e-08,3.544548e-09,-0.07662567,0.99705994,0.11887352507495332,0.08398512223962416,0.08399906475931354,0.021374922185180664,0,0.0,256,0,-1,0.06408084,-0.13930966,-0.29605725,-2.4852414,-0.1391422,1.9929026,0.78553236,0.015997684,0.016002443,0.0,0.0,nan,0,0.0,0.0,nan,0
5.73,transfer,5.73,0.34959906,-0.1571169,0.019970572,-1.8077756e-09,-8.7138305e-09,-0.07662567,0.99705994,0.12025420864690085,0.08881051704122175,0.08883155293348889,0.02137796609487953,0,0.0,256,0,-1,0.067605704,-0.13902564,-0.29264614,-2.485013,-0.13774806,1.9930816,0.78553236,0.015997535,0.016002592,0.0,0.0,nan,0,0.0,0.0,nan,0
5.74,transfer,5.74,0.34959906,-0.1571169,0.01997057,9.525172e-09,-1.4233272e-08,-0.07662567,0.99705994,0.121686069143007,0.0937674942580829,0.09378147687130559,0.02138007315649325,0,0.0,256,0,-1,0.07113087,-0.1387407,-0.28923464,-2.4847841,-0.13635266,1.9932647,0.7855323,0.015997423,0.016002703,0.0,0.0,nan,0,0.0,0.0,nan,0
5.75,transfer,5.75,0.34959906,-0.1571169,0.01997057,-1.9251866e-08,2.4092271e-08,-0.07662567,0.99705994,0.12316712420809248,0.09883555788181111,0.09885053727233789,0.02138147283126893,0,0.0,256,0,-1,0.07465624,-0.1384551,-0.2858229,-2.4845548,-0.13495626,1.9934511,0.7855323,0.015997339,0.016002787,0.0,0.0,nan,0,0.0,0.0,nan,0
5.76,transfer,5.76,0.34959906,-0.1571169,0.01997057,-1.216536e-08,1.6267983e-08,-0.07662567,0.99705994,0.12469554303332123,0.10399756165924542,0.10401218865011043,0.02138237297924753,0,0.0,256,0,-1,0.07818173,-0.13816899,-0.28241098,-2.4843252,-0.13355908,1.9936402,0.7855323,0.015997278,0.016002849,0.0,0.0,nan,0,0.0,0.0,nan,0
5.7700000000000005,transfer,5.7700000000000005,0.34959906,-0.1571169,0.01997057,1.7642371e-08,-1.8009022e-08,-0.07662567,0.99705994,0.12626975086018205,0.10924181072260326,0.10925771737796976,0.0213829271659444,0,0.0,256,0,-1,0.08170728,-0.13788255,-0.278999,-2.4840953,-0.13216127,1.9938314,0.7855323,0.015997237,0.01600289,0.0,0.0,nan,0,0.0,0.0,nan,0
5.78,transfer,5.78,0.34959906,-0.1571169,0.01997057,5.4236806e-09,3.19069e-08,-0.07662567,0.99705994,0.12788794728144204,0.11455689961642847,0.11456523687364954,0.0213832352621413,0,0.0,256,0,-1,0.08523287,-0.13759583,-0.27558693,-2.4838655,-0.130763,1.9940242,0.7855323,0.015997209,0.016002918,0.0,0.0,nan,0,0.0,0.0,nan,0
5.79,transfer,5.79,0.34959906,-0.1571169,0.01997057,2.4550968e-09,1.116546e-09,-0.07662567,0.99705994,0.12954840067107326,0.11993283190093812,0.11994446155120105,0.021383250040298327,0,0.0,256,0,-1,0.088758476,-0.13730894,-0.2721748,-2.4836352,-0.12936433,1.9942182,0.7855323,0.015997192,0.016002934,0.0,0.0,nan,0,0.0,0.0,nan,0
5.8,transfer,5.8,0.34959906,-0.1571169,0.01997057,2.1390039e-09,1.3821477e-09,-0.07662567,0.99705994,0.13124961001221477,0.12536260493537787,0.12537669530699244,0.02138314894175054,0,0.0,256,0,-1,0.0922841,-0.13702193,-0.26876268,-2.4834049,-0.12796536,1.9944133,0.7855323,0.015997186,0.016002942,0.0,0.0,nan,0,0.0,0.0,nan,0
5.8100000000000005,transfer,5.8100000000000005,0.34959906,-0.1571169,0.01997057,1.8685486e-09,2.1819238e-09,-0.07662567,0.99705994,0.13298985870888252,0.13083813953195098,0.13085173521345875,0.021382957470640222,0,0.0,256,0,-1,0.09580973,-0.13673484,-0.26535055,-2.4831746,-0.12656616,1.994609,0.7855323,0.015997186,0.016002944,0.0,0.0,nan,0,0.0,0.0,nan,0
5.82,transfer,5.82,0.34959906,-0.1571169,0.01997057,1.5988808e-09,2.9909148e-09,-0.07662567,0.99705994,0.13476753997130378,0.13635533592459062,0.1363697196563101,0.02138269987056232,0,0.0,256,0,-1,0.09933536,-0.1364477,-0.26193842,-2.4829443,-0.12516677,1.9948053,0.7855323,0.015997192,0.016002938,0.0,0.0,nan,0,0.0,0.0,nan,0
5.83,transfer,5.83,0.34959906,-0.1571169,0.01997057,2.4993148e-09,1.9025304e-08,-0.07662567,0.99705994,0.13658153941545792,0.14190695298364303,0.1419155981681458,0.021382303112543907,0,0.0,256,0,-1,0.10286097,-0.13616052,-0.25852624,-2.4827137,-0.12376724,1.9950022,0.7855323,0.015997201,0.016002929,0.0,0.0,nan,0,0.0,0.0,nan,0
5.84,transfer,5.84,0.34959906,-0.1571169,0.01997057,8.41372e-09,6.6093614e-10,-0.07662567,0.99705994,0.13843015491899,0.14749234155809515,0.14750244836852086,0.021381832672052577,0,0.0,256,0,-1,0.106386594,-0.13587335,-0.2551141,-2.482483,-0.12236759,1.9951994,0.7855323,0.015997214,0.016002916,0.0,0.0,nan,0,0.0,0.0,nan,0
5.8500000000000005,transfer,5.8500000000000005,0.34959906,-0.1571169,0.01997057,1.3377435e-08,2.6390541e-08,-0.07662567,0.99705994,0.14031200149623432,0.1531058591658374,0.15310868948145984,0.02138132877082222,0,0.0,256,0,-1,0.10991221,-0.1355862,-0.25170198,-2.4822521,-0.12096785,1.995397,0.7855323,0.01599723,0.0160029,0.0,0.0,nan,0,0.0,0.0,nan,0
5.86,transfer,5.86,0.34959906,-0.1571169,0.019970572,-1.40358045e-08,2.4072554e-08,-0.07662567,0.99705994,0.14222546604749517,0.15874462250078808,0.15875035440973156,0.021380823281828804,0,0.0,256,0,-1,0.113437824,-0.13529906,-0.24828982,-2.4820216,-0.119568035,1.9955949,0.7855323,0.015997248,0.016002882,0.0,0.0,nan,0,0.0,0.0,nan,0
5.87,transfer,5.87,0.34959906,-0.1571169,0.01997057,2.5619583e-08,1.30635e-08,-0.07662567,0.99705994,0.14416970556608688,0.16440661307430268,0.16441513622077314,0.021380239695092836,0,0.0,256,0,-1,0.11696344,-0.13501194,-0.24487767,-2.4817908,-0.11816816,1.9957929,0.7855323,0.015997266,0.016002864,0.0,0.0,nan,0,0.0,0.0,nan,0
5.88,transfer,5.88,0.34959906,-0.1571169,0.01997057,-2.1819302e-08,-1.1233366e-09,-0.07662567,0.99705994,0.1461431230989245,0.17008944154631486,0.17009656329797654,0.021379654466558845,0,0.0,256,0,-1,0.12048905,-0.13472487,-0.24146554,-2.48156,-0.11676825,1.995991,0.78553224,0.015997289,0.016002841,0.0,0.0,nan,0,0.0,0.0,nan,0
5.89,transfer,5.89,0.34959906,-0.1571169,0.01997057,-1.1634883e-08,2.5065814e-09,-0.07662567,0.99705994,0.1481446010572087,0.17579022738058328,0.17579714291380877,0.021379052545533794,0,0.0,256,0,-1,0.12401467,-0.13443783,-0.23805341,-2.4813292,-0.11536831,1.9961892,0.78553224,0.015997311,0.016002819,0.0,0.0,nan,0,0.0,0.0,nan,0
5.9,transfer,5.9,0.34959906,-0.1571169,0.01997057,1.9742543e-09,-1.5040209e-08,-0.07662567,0.99705994,0.15017293374941057,0.18150820015688007,0.1815151189996305,0.021378490143820757,0,0.0,256,0,-1,0.12754028,-0.13415083,-0.23464128,-2.4810987,-0.113968335,1.9963876,0.78553224,0.015997333,0.016002797,0.0,0.0,nan,0,0.0,0.0,nan,0
5.91,transfer,5.91,0.34959906,-0.1571169,0.019970572,1.4998013e-08,3.0282292e-09,-0.07662567,0.99705994,0.15222708101618226,0.1872418860884466,0.18725022163169464,0.02137785621824077,0,0.0,256,0,-1,0.13106589,-0.13386388,-0.23122916,-2.4808679,-0.112568334,1.996586,0.78553224,0.015997356,0.016002774,0.0,0.0,nan,0,0.0,0.0,nan,0
5.92,transfer,5.92,0.34959906,-0.1571169,0.019970572,9.394009e-09,2.924769e-09,-0.07662567,0.99705994,0.15430584079904439,0.19298895621621684,0.19299602420103504,0.02137725472329448,0,0.0,256,0,-1,0.1345915,-0.13357697,-0.22781703,-2.4806373,-0.11116832,1.9967846,0.78553224,0.015997378,0.01600275,0.0,0.0,nan,0,0.0,0.0,nan,0
5.93,transfer,5.93,0.34959906,-0.1571169,0.01997057,2.2958146e-08,-1.4668748e-08,-0.07662567,0.99705994,0.15640842247481557,0.19874982153987686,0.19875765445785,0.021376611699340815,0,0.0,256,0,-1,0.13811712,-0.13329011,-0.22440493,-2.4804065,-0.109768294,1.9969832,0.78553224,0.015997404,0.016002724,0.0,0.0,nan,0,0.0,0.0,nan,0
5.94,transfer,5.94,0.34959906,-0.1571169,0.01997057,-1.6376616e-08,-1.6941002e-09,-0.07662567,0.99705994,0.1585336140860272,0.2045217543375361,0.20452681838408213,0.021375957196096237,0,0.0,256,0,-1,0.14164273,-0.13300331,-0.22099283,-2.4801757,-0.108368255,1.9971818,0.78553224,0.01599743,0.016002698,0.0,0.0,nan,0,0.0,0.0,nan,0
5.95,transfer,5.95,0.34959906,-0.1571169,0.01997057,3.8632924e-09,1.7631628e-08,-0.07662567,0.99705994,0.16068052799348073,0.21030511595170626,0.2103108943527995,0.021375293150701226,0,0.0,256,0,-1,0.14516835,-0.13271657,-0.21758074,-2.479945,-0.10696821,1.9973804,0.78553224,0.015997456,0.016002672,0.0,0.0,nan,0,0.0,0.0,nan,0
5.96,transfer,5.96,0.34959906,-0.1571169,0.019970572,6.1380705e-09,8.287555e-09,-0.07662567,0.99705994,0.1628481491746448,0.21609779857877273,0.21610763018909396,0.021374629120950187,0,0.0,256,0,-1,0.14869396,-0.13242988,-0.21416865,-2.4797142,-0.105568156,1.997579,0.78553224,0.015997482,0.016002646,0.0,0.0,nan,0,0.0,0.0,nan,0
5.97,transfer,5.97,0.34959906,-0.1571169,0.01997057,5.605923e-09,4.9348126e-09,-0.07662567,0.99705994,0.16503575168197343,0.22190009187314905,0.22190639486619199,0.021373974890524762,0,0.0,256,0,-1,0.15221956,-0.13214326,-0.21075659,-2.4794834,-0.104168095,1.9977776,0.78553224,0.015997509,0.01600262,0.0,0.0,nan,0,0.0,0.0,nan,0
5.98,transfer,5.98,0.34959906,-0.1571169,0.01997057,-9.990093e-09,-7.462695e-09,-0.07662567,0.99705994,0.16724226522906796,0.22771004479315102,0.2277175736938942,0.02137331566203156,0,0.0,256,0,-1,0.15574516,-0.13185667,-0.20734452,-2.4792526,-0.10276803,1.9979762,0.78553224,0.015997535,0.016002594,0.0,0.0,nan,0,0.0,0.0,nan,0
5.99,transfer,5.99,0.34959906,-0.1571169,0.01997057,1.5022092e-09,3.3073162e-09,-0.07662567,0.99705994,0.16946716879643905,0.23352948243773347,0.23353824452778651,0.021372648699873546,0,0.0,256,0,-1,0.15927076,-0.13157013,-0.20393245,-2.4790218,-0.10136796,1.9981748,0.78553224,0.01599756,0.016002567,0.0,0.0,nan,0,0.0,0.0,nan,0
6.0,transfer,6.0,0.34959906,-0.1571169,0.01997057,-1.8624515e-08,3.160299e-09,-0.07662567,0.99705994,0.17170961494146317,0.23935493137381156,0.23936377168801137,0.021371973721841592,0,0.0,256,0,-1,0.16279638,-0.13128366,-0.2005204,-2.478791,-0.09996789,1.9983734,0.78553224,0.015997587,0.016002541,0.0,0.0,nan,0,0.0,0.0,nan,0
6.01,transfer,6.01,0.34959906,-0.1571169,0.01997057,-2.4775266e-09,-8.043645e-09,-0.07662567,0.99705994,0.17396864484069435,0.2451875004833963,0.24519190863493742,0.021371373874018825,0,0.0,256,0,-1,0.16632196,-0.13099724,-0.19710836,-2.4785604,-0.09856782,1.998572,0.78553224,0.015997613,0.016002515,0.0,0.0,nan,0,0.0,0.0,nan,0
6.0200000000000005,transfer,6.0200000000000005,0.34959906,-0.1571169,0.01997057,-1.1775398e-08,5.399334e-09,-0.07662567,0.99705994,0.1762438683284699,0.2510258606672287,0.2510320449226524,0.02137069279728441,0,0.0,256,0,-1,0.16984758,-0.13071088,-0.19369632,-2.4783297,-0.09716775,1.9987706,0.78553224,0.015997639,0.01600249,0.0,0.0,nan,0,0.0,0.0,nan,0
6.03,transfer,6.03,0.34959906,-0.1571169,0.01997057,-2.5426333e-08,-1.1570493e-08,-0.07662567,0.99705994,0.17853434336247676,0.25687008501573055,0.2568741073798855,0.021370003827213404,0,0.0,256,0,-1,0.17337319,-0.13042459,-0.19028428,-2.4780989,-0.095767684,1.9989692,0.7855322,0.015997665,0.016002463,0.0,0.0,nan,0,0.0,0.0,nan,0
6.04,transfer,6.04,0.34959906,-0.1571169,0.01997057,-2.2052818e-08,2.7115405e-09,-0.07662567,0.99705994,0.18083950441585703,0.2627206566682907,0.26272711744042504,0.021369308390462576,0,0.0,256,0,-1,0.1768988,-0.13013835,-0.18687226,-2.477868,-0.09436761,1.9991679,0.7855322,0.015997691,0.016002437,0.0,0.0,nan,0,0.0,0.0,nan,0
6.05,transfer,6.05,0.34959906,-0.1571169,0.01997057,-2.4694224e-08,-1.24078445e-08,-0.07662567,0.99705994,0.18315882010071727,0.26857577183032233,0.2685823986222549,0.021368628125182244,0,0.0,256,0,-1,0.18042439,-0.12985218,-0.18346025,-2.4776373,-0.09296753,1.9993668,0.7855322,0.015997717,0.016002411,0.0,0.0,nan,0,0.0,0.0,nan,0
6.0600000000000005,transfer,6.0600000000000005,0.34959906,-0.1571169,0.019970572,-7.7347675e-09,2.883548e-09,-0.07662567,0.99705994,0.1854914426230707,0.2744361477219208,0.2744442123347037,0.02136792621276748,0,0.0,256,0,-1,0.18395,-0.12956606,-0.18004824,-2.4774065,-0.09156746,1.9995655,0.7855322,0.015997743,0.016002385,0.0,0.0,nan,0,0.0,0.0,nan,0
6.07,transfer,6.07,0.34959906,-0.1571169,0.019970572,-1.4735614e-08,1.2139487e-08,-0.07662567,0.99705994,0.187837023102072,0.28029985851087147,0.2803062265549822,0.021367220301393302,0,0.0,256,0,-1,0.18747562,-0.12928,-0.17663623,-2.4771757,-0.09016737,1.9997641,0.7855322,0.01599777,0.016002359,0.0,0.0,nan,0,0.0,0.0,nan,0
6.08,transfer,6.08,0.34959906,-0.1571169,0.01997057,6.6459314e-09,-2.9050518e-08,-0.07662567,0.99705994,0.19019496303338299,0.28616951285982645,0.28617349375760803,0.021366527664706803,0,0.0,256,0,-1,0.19100122,-0.128994,-0.17322424,-2.476945,-0.0887673,1.9999627,0.7855322,0.015997795,0.016002333,0.0,0.0,nan,0,0.0,0.0,nan,0
6.09,transfer,6.09,0.34959906,-0.1571169,0.01997057,-9.10184e-09,1.7769237e-08,-0.07662567,0.99705994,0.19256465277599458,0.29204195898469204,0.2920490254903331,0.021365842567796705,0,0.0,256,0,-1,0.1945268,-0.12870805,-0.16981226,-2.4767141,-0.08736722,2.0001614,0.7855322,0.015997823,0.016002307,0.0,0.0,nan,0,0.0,0.0,nan,0
6.1000000000000005,transfer,6.1000000000000005,0.34959906,-0.1571169,0.01997057,1.1623487e-09,-1.7769601e-08,-0.07662567,0.99705994,0.1949455762933989,0.29791848730452586,0.2979227466333787,0.02136511910811548,0,0.0,256,0,-1,0.19805242,-0.12842217,-0.16640028,-2.4764833,-0.08596714,2.0003603,0.7855322,0.015997851,0.016002279,0.0,0.0,nan,0,0.0,0.0,nan,0
6.11,transfer,6.11,0.34959906,-0.1571169,0.01997057,-1.100094e-09,-7.496755e-09,-0.07662567,0.99705994,0.19733745007537537,0.3037982196619253,0.30380426445398123,0.021364392162638957,0,0.0,256,0,-1,0.20157804,-0.12813632,-0.1629883,-2.4762526,-0.084567055,2.000559,0.7855322,0.01599788,0.01600225,0.0,0.0,nan,0,0.0,0.0,nan,0
6.12,transfer,6.12,0.34959906,-0.1571169,0.01997057,-2.2660251e-09,-1.7786295e-08,-0.07662567,0.99705994,0.19973965035031788,0.30968239966129757,0.30968545793644525,0.021363675678585922,0,0.0,256,0,-1,0.20510365,-0.12785055,-0.15957636,-2.4760218,-0.08316698,2.000758,0.7855322,0.015997907,0.016002223,0.0,0.0,nan,0,0.0,0.0,nan,0
6.13,transfer,6.13,0.34959906,-0.1571169,0.01997057,-1.6580907e-09,-6.3120424e-09,-0.07662567,0.99705994,0.2021516122944874,0.31556883573836997,0.31557322247709635,0.02136297292656861,0,0.0,256,0,-1,0.20862924,-0.12756482,-0.15616441,-2.475791,-0.0817669,2.0009568,0.7855322,0.015997935,0.016002195,0.0,0.0,nan,0,0.0,0.0,nan,0
6.140000000000001,transfer,6.140000000000001,0.34959906,-0.1571169,0.01997057,-1.6044163e-09,-1.3556194e-09,-0.07662567,0.99705994,0.20457308711430397,0.32145820529663915,0.32146203545529795,0.021362249905673095,0,0.0,256,0,-1,0.21215485,-0.12727916,-0.15275246,-2.4755602,-0.08036682,2.0011554,0.7855322,0.015997963,0.016002167,0.0,0.0,nan,0,0.0,0.0,nan,0
6.15,transfer,6.15,0.34959906,-0.1571169,0.01997057,-1.8684925e-09,-4.749223e-10,-0.07662567,0.99705994,0.2070035495643187,0.32735058295140057,0.32735335361362006,0.02136152830427111,0,0.0,256,0,-1,0.21568045,-0.12699357,-0.14934051,-2.4753294,-0.07896674,2.001354,0.7855322,0.015997991,0.016002137,0.0,0.0,nan,0,0.0,0.0,nan,0
6.16,transfer,6.16,0.34959906,-0.1571169,0.01997057,-2.1380502e-09,3.354648e-10,-0.07662567,0.99705994,0.209442655406164,0.3332457265715805,0.33324853251978187,0.021360809608848494,0,0.0,256,0,-1,0.21920605,-0.12670802,-0.14592859,-2.4750986,-0.07756666,2.0015528,0.7855322,0.01599802,0.01600211,0.0,0.0,nan,0,0.0,0.0,nan,0
6.17,transfer,6.17,0.34959906,-0.1571169,0.01997057,-2.4077025e-09,1.1446389e-09,-0.07662567,0.99705994,0.21188985924553705,0.33914379797716104,0.3391481289011923,0.02136008279683986,0,0.0,256,0,-1,0.22273166,-0.12642252,-0.14251667,-2.4748678,-0.07616658,2.0017514,0.7855321,0.015998049,0.016002081,0.0,0.0,nan,0,0.0,0.0,nan,0
6.18,transfer,6.18,0.34959906,-0.1571169,0.01997057,-2.6773566e-09,1.9537922e-09,-0.07662567,0.99705994,0.21434499298648355,0.3450431940430608,0.34504710742213207,0.021359337226078714,0,0.0,256,0,-1,0.22625728,-0.1261371,-0.13910475,-2.474637,-0.0747665,2.0019503,0.7855321,0.015998079,0.016002053,0.0,0.0,nan,0,0.0,0.0,nan,0
6.19,transfer,6.19,0.34959906,-0.1571169,0.01997057,-9.974587e-09,1.0960604e-08,-0.07662567,0.99705994,0.21680764996269464,0.3509454272394895,0.35095101181338156,0.02135858782260195,0,0.0,256,0,-1,0.2297829,-0.12585175,-0.13569285,-2.4744062,-0.073366426,2.002149,0.7855321,0.015998106,0.016002024,0.0,0.0,nan,0,0.0,0.0,nan,0
6.2,transfer,6.2,0.34959906,-0.1571169,0.01997057,1.7598805e-09,-2.3444775e-09,-0.07662567,0.99705994,0.21927750085932032,0.35685014560071726,0.3568542768649685,0.02135787409312831,0,0.0,256,0,-1,0.23330848,-0.12556644,-0.13228096,-2.4741755,-0.07196634,2.0023477,0.7855321,0.015998134,0.016001996,0.0,0.0,nan,0,0.0,0.0,nan,0
6.21,transfer,6.21,0.34959906,-0.1571169,0.01997057,1.1473237e-08,-1.3197016e-08,-0.07662567,0.99705994,0.22175426562500666,0.3627568287171759,0.36275962708168047,0.021357119842438217,0,0.0,256,0,-1,0.2368341,-0.12528118,-0.12886907,-2.4739447,-0.07056626,2.0025465,0.7855321,0.015998164,0.016001966,0.0,0.0,nan,0,0.0,0.0,nan,0
6.22,transfer,6.22,0.34959906,-0.1571169,0.01997057,-1.8559835e-08,2.2146315e-08,-0.07662567,0.99705994,0.22423734014882604,0.36866552793433555,0.3686702654725385,0.021356389921124038,0,0.0,256,0,-1,0.2403597,-0.124996,-0.12545718,-2.4737139,-0.069166176,2.002745,0.7855321,0.015998194,0.016001936,0.0,0.0,nan,0,0.0,0.0,nan,0
6.23,transfer,6.23,0.34959906,-0.1571169,0.019970572,-4.467421e-09,6.0729226e-09,-0.07662567,0.99705994,0.2267267187255817,0.3745757758686578,0.37458023281077335,0.021355637237773024,0,0.0,256,0,-1,0.2438853,-0.12471088,-0.12204531,-2.473483,-0.0677661,2.0029438,0.7855321,0.015998222,0.016001908,0.0,0.0,nan,0,0.0,0.0,nan,0
6.24,transfer,6.24,0.34959906,-0.1571169,0.01997057,1.6172707e-09,-5.325006e-10,-0.07662567,0.99705994,0.22922214108930639,0.3804883478740023,0.3804927624468941,0.021354873528795764,0,0.0,256,0,-1,0.24741091,-0.12442582,-0.11863345,-2.4732523,-0.06636602,2.0031426,0.7855321,0.015998252,0.016001878,0.0,0.0,nan,0,0.0,0.0,nan,0
6.25,transfer,6.25,0.34959906,-0.1571169,0.01997057,3.2974112e-09,-1.9978188e-09,-0.07662567,0.99705994,0.23172306717771496,0.38640205690822965,0.38640468427637464,0.021354126293948075,0,0.0,256,0,-1,0.2509365,-0.124140814,-0.11522159,-2.4730215,-0.06496594,2.0033412,0.78553206,0.015998282,0.016001849,0.0,0.0,nan,0,0.0,0.0,nan,0
6.26,transfer,6.26,0.34959906,-0.1571169,0.01997057,3.0613931e-09,-1.2279027e-09,-0.07662567,0.99705994,0.23422924417191396,0.39231769377614506,0.3923203573761678,0.02135335574225697,0,0.0,256,0,-1,0.25446212,-0.12385587,-0.111809745,-2.4727907,-0.06356586,2.00354,0.78553206,0.015998311,0.016001819,0.0,0.0,nan,0,0.0,0.0,nan,0
6.2700000000000005,transfer,6.2700000000000005,0.34959906,-0.1571169,0.01997057,2.7923195e-09,-4.1942663e-10,-0.07662567,0.99705994,0.23674065278031806,0.3982352989069949,0.3982378592906155,0.021352589520743058,0,0.0,256,0,-1,0.25798774,-0.12357098,-0.1083979,-2.47256,-0.062165778,2.0037386,0.78553206,0.015998341,0.01600179,0.0,0.0,nan,0,0.0,0.0,nan,0
6.28,transfer,6.28,0.34959906,-0.1571169,0.01997057,2.5226754e-09,3.8971462e-10,-0.07662567,0.99705994,0.2392569291149509,0.40415331414110073,0.4041559734939126,0.02135181276225327,0,0.0,256,0,-1,0.26151335,-0.12328615,-0.10498607,-2.4723291,-0.060765702,2.0039375,0.78553206,0.01599837,0.016001761,0.0,0.0,nan,0,0.0,0.0,nan,0
6.29,transfer,6.29,0.34959906,-0.1571169,0.01997057,3.4697262e-08,-1.2945365e-09,-0.07662567,0.99705994,0.24177764741008922,0.4100738979881766,0.41007648102398175,0.02135099020314358,0,0.0,256,0,-1,0.26503897,-0.12300138,-0.10157425,-2.472098,-0.059365626,2.004136,0.78553206,0.015998399,0.016001731,0.0,0.0,nan,0,0.0,0.0,nan,0
6.3,transfer,6.3,0.34959906,-0.1571169,0.01997057,-1.4474801e-08,3.304004e-09,-0.07662567,0.99705994,0.2443027291109251,0.4159949783746194,0.41599760003803393,0.021350214101228594,0,0.0,256,0,-1,0.26856458,-0.12271668,-0.098162435,-2.4718673,-0.057965543,2.0043347,0.78553206,0.015998429,0.016001701,0.0,0.0,nan,0,0.0,0.0,nan,0
6.3100000000000005,transfer,6.3100000000000005,0.34959906,-0.1571169,0.01997057,1.2691754e-08,1.9776198e-09,-0.07662567,0.99705994,0.24683195096668167,0.4219181926808372,0.4219216331429361,0.021349319628185204,0,0.0,256,0,-1,0.2720902,-0.12243204,-0.094750635,-2.471636,-0.056565464,2.0045335,0.78553206,0.015998458,0.016001672,0.0,0.0,nan,0,0.0,0.0,nan,0
6.32,transfer,6.32,0.34959906,-0.1571169,0.01997057,5.799418e-09,3.3192047e-09,-0.07662567,0.99705994,0.24936501486374257,0.42784205700929884,0.42784570431737395,0.02134853482022405,0,0.0,256,0,-1,0.2756158,-0.12214746,-0.091338836,-2.4714053,-0.055165384,2.0047321,0.78553206,0.015998488,0.016001642,0.0,0.0,nan,0,0.0,0.0,nan,0
6.33,transfer,6.33,0.34959906,-0.1571169,0.01997057,1.452237e-09,4.4457336e-09,-0.07662567,0.99705994,0.2519016552644188,0.43376748062626735,0.4337698629517986,0.021347739761486156,0,0.0,256,0,-1,0.27914143,-0.12186293,-0.08792705,-2.4711745,-0.0537653,2.004931,0.78553206,0.015998518,0.016001612,0.0,0.0,nan,0,0.0,0.0,nan,0
6.34,transfer,6.34,0.34959906,-0.1571169,0.01997057,1.1122419e-09,5.2603615e-09,-0.07662567,0.99705994,0.25444202418622025,0.43969380500329297,0.4396957963958944,0.021346886516833353,0,0.0,256,0,-1,0.28266704,-0.12157846,-0.08451527,-2.4709435,-0.052365217,2.0051298,0.78553206,0.015998548,0.016001582,0.0,0.0,nan,0,0.0,0.0,nan,0
6.3500000000000005,transfer,6.3500000000000005,0.34959906,-0.1571169,0.01997057,8.4137436e-10,6.069609e-09,-0.07662567,0.99705994,0.256985410686533,0.44562103859601054,0.44562510437738156,0.021346060829179107,0,0.0,256,0,-1,0.28619263,-0.12129405,-0.0811035,-2.4707124,-0.050965134,2.0053284,0.78553206,0.015998578,0.016001552,0.0,0.0,nan,0,0.0,0.0,nan,0
6.36,transfer,6.36,0.34959906,-0.1571169,0.01997057,-1.3330228e-08,2.5267855e-08,-0.07662567,0.99705994,0.259531789978229,0.45154963444263974,0.4515523821326595,0.021345210832871414,0,0.0,256,0,-1,0.28971824,-0.12100971,-0.07769174,-2.4704814,-0.049565054,2.005527,0.78553206,0.015998608,0.016001523,0.0,0.0,nan,0,0.0,0.0,nan,0
6.37,transfer,6.37,0.34959906,-0.1571169,0.01997057,1.2330355e-09,2.3229541e-08,-0.07662567,0.99705994,0.2620810944031133,0.4574789641352798,0.4574824898973685,0.021344397105807766,0,0.0,256,0,-1,0.29324386,-0.12072542,-0.07427999,-2.4702506,-0.04816497,2.0057259,0.78553206,0.015998637,0.016001493,0.0,0.0,nan,0,0.0,0.0,nan,0
6.38,transfer,6.38,0.34959906,-0.1571169,0.019970572,4.8390205e-11,8.764395e-09,-0.07662567,0.99705994,0.2646333690799189,0.4634092406947407,0.4634112190902909,0.021343562977188337,0,0.0,256,0,-1,0.29676944,-0.12044119,-0.070868246,-2.4700196,-0.046764888,2.0059245,0.78553206,0.015998667,0.016001463,0.0,0.0,nan,0,0.0,0.0,nan,0
6.390000000000001,transfer,6.390000000000001,0.34959906,-0.1571169,0.01997057,-1.647909e-08,-2.7505522e-09,-0.07662567,0.99705994,0.26718757633074824,0.46934091244978704,0.46934431163164586,0.021342747385218398,0,0.0,256,0,-1,0.30029505,-0.12015702,-0.06745651,-2.4697888,-0.04536481,2.0061233,0.785532,0.015998697,0.016001433,0.0,0.0,nan,0,0.0,0.0,nan,0
6.4,transfer,6.4,0.34959906,-0.1571169,0.01997057,8.847554e-09,-8.196092e-09,-0.07662567,0.99705994,0.2697445451091277,0.4752731233795445,0.47527507518030165,0.021341819718243067,0,0.0,256,0,-1,0.30382067,-0.1198729,-0.06404479,-2.4695575,-0.043964725,2.0063221,0.785532,0.015998727,0.016001403,0.0,0.0,nan,0,0.0,0.0,nan,0
6.41,transfer,6.41,0.34959906,-0.1571169,0.01997057,2.2003297e-08,-1.6153864e-08,-0.07662567,0.99705994,0.2723033371184912,0.4812064373455064,0.4812091484815038,0.021341024779510765,0,0.0,256,0,-1,0.30734625,-0.11958885,-0.06063307,-2.4693267,-0.04256464,2.0065207,0.785532,0.015998757,0.016001374,0.0,0.0,nan,0,0.0,0.0,nan,0
6.42,transfer,6.42,0.34959906,-0.1571169,0.01997057,7.005033e-09,1.7705839e-09,-0.07662567,0.99705994,0.27486431179304466,0.4871404898537152,0.48714250980918694,0.021340085560863354,0,0.0,256,0,-1,0.31087187,-0.119304866,-0.05722136,-2.4690955,-0.04116456,2.0067196,0.785532,0.015998786,0.016001344,0.0,0.0,nan,0,0.0,0.0,nan,0
6.43,transfer,6.43,0.34959906,-0.1571169,0.01997057,-8.839814e-09,-1.0260709e-08,-0.07662567,0.99705994,0.2774269339958274,0.4930752552165751,0.4930791433890429,0.021339264187671646,0,0.0,256,0,-1,0.31439748,-0.11902094,-0.05380966,-2.4688647,-0.039764475,2.0069182,0.785532,0.015998816,0.016001314,0.0,0.0,nan,0,0.0,0.0,nan,0
6.44,transfer,6.44,0.34959906,-0.1571169,0.019970572,9.691356e-09,-7.884747e-09,-0.07662567,0.99705994,0.27999114053200813,0.4990111661706766,0.49901367565563226,0.02133838554381353,0,0.0,256,0,-1,0.3179231,-0.118737064,-0.05039797,-2.4686337,-0.03836439,2.0071168,0.785532,0.015998846,0.016001284,0.0,0.0,nan,0,0.0,0.0,nan,0
6.45,transfer,6.45,0.34959906,-0.1571169,0.019970572,8.952195e-09,1.6784268e-08,-0.07662567,0.99705994,0.28255719670502416,0.5049472000334119,0.504949093861148,0.021337492432972643,0,0.0,256,0,-1,0.3214487,-0.11845325,-0.04698629,-2.4684026,-0.03696431,2.0073156,0.785532,0.015998876,0.016001254,0.0,0.0,nan,0,0.0,0.0,nan,0
6.46,transfer,6.46,0.34959906,-0.1571169,0.01997057,-3.6139095e-08,-5.5920724e-10,-0.07662567,0.99705994,0.2851242720816797,0.5108842409666576,0.5108877781015703,0.02133660568014011,0,0.0,256,0,-1,0.32497433,-0.1181695,-0.043574616,-2.4681716,-0.035564225,2.0075142,0.78553194,0.015998907,0.016001223,0.0,0.0,nan,0,0.0,0.0,nan,0
6.47,transfer,6.47,0.34959906,-0.1571169,0.01997057,1.8414245e-09,-2.7247694e-08,-0.07662567,0.99705994,0.28769263170977966,0.5168223395163097,0.5168259377705046,0.021335755923558665,0,0.0,256,0,-1,0.32849994,-0.11788581,-0.04016295,-2.4679408,-0.034164142,2.007713,0.78553194,0.015998939,0.016001191,0.0,0.0,nan,0,0.0,0.0,nan,0
6.48,transfer,6.48,0.34959906,-0.1571169,0.01997057,-2.770371e-08,7.799897e-09,-0.07662567,0.99705994,0.2902623630335428,0.5227606426222644,0.5227631805225958,0.021334815696311106,0,0.0,256,0,-1,0.33202553,-0.117602184,-0.036751296,-2.4677095,-0.03276406,2.007912,0.78553194,0.01599897,0.01600116,0.0,0.0,nan,0,0.0,0.0,nan,0
6.49,transfer,6.49,0.34959906,-0.1571169,0.01997057,-7.819013e-09,-3.2923604e-09,-0.07662567,0.99705994,0.29283263734911763,0.5286995997828229,0.5287018692593639,0.021333917194452056,0,0.0,256,0,-1,0.33555114,-0.117318615,-0.03333965,-2.4674785,-0.031363975,2.0081105,0.78553194,0.015999004,0.016001128,0.0,0.0,nan,0,0.0,0.0,nan,0
6.5,transfer,6.5,0.34959906,-0.1571169,0.01997057,-2.3085613e-08,-1.5848165e-08,-0.07662567,0.99705994,0.29540378008635226,0.5346391899830532,0.5346424596976908,0.021333077495259832,0,0.0,256,0,-1,0.33907673,-0.11703511,-0.029928014,-2.4672477,-0.029963896,2.0083094,0.78553194,0.015999034,0.016001096,0.0,0.0,nan,0,0.0,0.0,nan,0
6.51,transfer,6.51,0.34959906,-0.1571169,0.01997057,2.9397123e-09,7.4361353e-09,-0.07662567,0.99705994,0.29797575023255274,0.5405794239040995,0.5405831563500055,0.021332119107705418,0,0.0,256,0,-1,0.34260234,-0.11675166,-0.026516387,-2.4670165,-0.028563812,2.008508,0.78553194,0.015999068,0.016001062,0.0,0.0,nan,0,0.0,0.0,nan,0
6.5200000000000005,transfer,6.5200000000000005,0.34959906,-0.1571169,0.01997057,-1.9226999e-08,3.6947083e-09,-0.07662567,0.99705994,0.3005479484976455,0.5465204276022475,0.5465235656934454,0.021331250332952523,0,0.0,256,0,-1,0.34612796,-0.11646828,-0.023104768,-2.4667857,-0.02716373,2.0087068,0.78553194,0.0159991,0.01600103,0.0,0.0,nan,0,0.0,0.0,nan,0
6.53,transfer,6.53,0.34959906,-0.1571169,0.019970572,-1.1063048e-08,1.6999261e-09,-0.07662567,0.99705994,0.30312093671194623,0.5524616831560044,0.552463311260256,0.02133028351886221,0,0.0,256,0,-1,0.34965357,-0.11618495,-0.019693159,-2.4665544,-0.025763646,2.0089054,0.78553194,0.015999133,0.016001,0.0,0.0,nan,0,0.0,0.0,nan,0
6.54,transfer,6.54,0.34959906,-0.1571169,0.019970572,-2.244917e-08,3.3226033e-09,-0.07662567,0.99705994,0.3056938737364109,0.5584033498731932,0.558405925778116,0.021329427132729967,0,0.0,256,0,-1,0.35317916,-0.11590169,-0.01628156,-2.4663236,-0.024363562,2.0091043,0.78553194,0.015999164,0.016000966,0.0,0.0,nan,0,0.0,0.0,nan,0
6.55,transfer,6.55,0.34959906,-0.1571169,0.01997057,2.1201794e-08,-1.8764323e-08,-0.07662567,0.99705994,0.30826732428089104,0.5643456392129977,0.5643483757072097,0.021328440759862753,0,0.0,256,0,-1,0.35670477,-0.11561848,-0.012869969,-2.4660923,-0.02296348,2.009303,0.78553194,0.015999196,0.016000934,0.0,0.0,nan,0,0.0,0.0,nan,0
6.5600000000000005,transfer,6.5600000000000005,0.34959906,-0.1571169,0.019970572,9.949958e-09,1.6542709e-09,-0.07662567,0.99705994,0.31084057095198975,0.5702882589642543,0.5702902939370129,0.021327569607585244,0,0.0,256,0,-1,0.3602304,-0.11533534,-0.009458387,-2.4658616,-0.021563396,2.0095017,0.78553194,0.01599923,0.016000902,0.0,0.0,nan,0,0.0,0.0,nan,0
6.57,transfer,6.57,0.34959906,-0.1571169,0.01997057,1.7689237e-08,9.8284385e-09,-0.07662567,0.99705994,0.31341376212880306,0.5762317452370261,0.5762342653410035,0.021326595248415382,0,0.0,256,0,-1,0.36375597,-0.115052246,-0.0060468144,-2.4656303,-0.020163313,2.0097005,0.78553194,0.015999261,0.016000869,0.0,0.0,nan,0,0.0,0.0,nan,0
6.58,transfer,6.58,0.34959906,-0.1571169,0.01997057,-1.7366547e-08,-1.936579e-08,-0.07662567,0.99705994,0.31598679490805104,0.5821753608593705,0.5821777882419674,0.02132571616480335,0,0.0,256,0,-1,0.3672816,-0.11476923,-0.0026352524,-2.4653995,-0.01876323,2.0098991,0.78553194,0.015999295,0.016000835,0.0,0.0,nan,0,0.0,0.0,nan,0
6.59,transfer,6.59,0.34959906,-0.1571169,0.01997057,-8.4976054e-10,-4.331316e-09,-0.07662567,0.99705994,0.31855989523788053,0.5881196492446109,0.5881217501613865,0.02132472479909838,0,0.0,256,0,-1,0.3708072,-0.11448627,0.00077630114,-2.4651682,-0.017363146,2.0100977,0.78553194,0.015999328,0.016000804,0.0,0.0,nan,0,0.0,0.0,nan,0
6.6000000000000005,transfer,6.6000000000000005,0.34959906,-0.1571169,0.01997057,-2.0007618e-09,-1.8502716e-08,-0.07662567,0.99705994,0.32113244807852004,0.59406368241046,0.5940653754368385,0.021323770869116666,0,0.0,256,0,-1,0.37433282,-0.11420337,0.0041878447,-2.4649372,-0.015963059,2.0102966,0.7855319,0.015999362,0.01600077,0.0,0.0,nan,0,0.0,0.0,nan,0
6.61,transfer,6.61,0.34959906,-0.1571169,0.01997057,-1.3925702e-09,-7.095427e-09,-0.07662567,0.99705994,0.32370422904622254,0.6000093129452937,0.6000107424270636,0.021322813627294726,0,0.0,256,0,-1,0.37785843,-0.11392053,0.007599379,-2.4647062,-0.014562974,2.0104954,0.7855319,0.015999394,0.016000737,0.0,0.0,nan,0,0.0,0.0,nan,0
6.62,transfer,6.62,0.34959906,-0.1571169,0.01997057,-1.3388912e-09,-2.1401592e-09,-0.07662567,0.99705994,0.3262757038688676,0.6059545677559771,0.6059562549929018,0.02132179860072396,0,0.0,256,0,-1,0.38138404,-0.11363775,0.011010904,-2.464475,-0.013162889,2.0106943,0.7855319,0.015999427,0.016000703,0.0,0.0,nan,0,0.0,0.0,nan,0
6.63,transfer,6.63,0.34959906,-0.1571169,0.01997057,-1.6029674e-09,-1.259482e-09,-0.07662567,0.99705994,0.3288462928443538,0.6119003236672923,0.6119023565991305,0.021320898123002502,0,0.0,256,0,-1,0.38490966,-0.11335504,0.01442242,-2.4642441,-0.011762803,2.0108929,0.7855319,0.01599946,0.01600067,0.0,0.0,nan,0,0.0,0.0,nan,0
6.640000000000001,transfer,6.640000000000001,0.34959906,-0.1571169,0.01997057,-1.872525e-09,-4.4909523e-10,-0.07662567,0.99705994,0.3314161635332244,0.6178460201458139,0.6178482983994528,0.021319950999342894,0,0.0,256,0,-1,0.38843524,-0.11307237,0.017833926,-2.464013,-0.010362718,2.0110917,0.7855319,0.015999494,0.016000638,0.0,0.0,nan,0,0.0,0.0,nan,0
6.65,transfer,6.65,0.34959906,-0.1571169,0.01997057,-2.1421773e-09,3.600789e-10,-0.07662567,0.99705994,0.3339851185986072,0.6237927793693228,0.6237945251217998,0.021318937308259227,0,0.0,256,0,-1,0.39196086,-0.11278977,0.021245422,-2.4637818,-0.008962633,2.0112903,0.7855319,0.015999528,0.016000604,0.0,0.0,nan,0,0.0,0.0,nan,0
6.66,transfer,6.66,0.34959906,-0.1571169,0.01997057,-2.4118314e-09,1.1692322e-09,-0.07662567,0.99705994,0.33655315159212446,0.6297392189346559,0.6297410807932707,0.021317971176654172,0,0.0,256,0,-1,0.39548647,-0.11250724,0.02465691,-2.4635508,-0.0075625475,2.011489,0.7855319,0.015999561,0.01600057,0.0,0.0,nan,0,0.0,0.0,nan,0
6.67,transfer,6.67,0.34959906,-0.1571169,0.01997057,-2.6814855e-09,1.978385e-09,-0.07662567,0.99705994,0.3391201142232171,0.6356862266453237,0.6356876268926728,0.021317009725712297,0,0.0,256,0,-1,0.39901206,-0.112224765,0.028068388,-2.4633198,-0.0061624614,2.0116878,0.7855318,0.015999595,0.016000537,0.0,0.0,nan,0,0.0,0.0,nan,0
6.68,transfer,6.68,0.34959906,-0.1571169,0.01997057,-9.9787165e-09,1.0985197e-08,-0.07662567,0.99705994,0.34168588759833723,0.641633501434676,0.6416361056963364,0.02131602582187586,0,0.0,256,0,-1,0.40253767,-0.11194235,0.031479854,-2.4630888,-0.0047623753,2.0118866,0.7855318,0.015999628,0.016000504,0.0,0.0,nan,0,0.0,0.0,nan,0
6.69,transfer,6.69,0.34959906,-0.1571169,0.01997057,1.7557522e-09,-2.3198856e-09,-0.07662567,0.99705994,0.3442505778305037,0.6475812919109146,0.6475838949155323,0.02131498156014043,0,0.0,256,0,-1,0.4060633,-0.111659996,0.034891315,-2.4628575,-0.003362289,2.0120854,0.7855318,0.015999662,0.01600047,0.0,0.0,nan,0,0.0,0.0,nan,0
6.7,final_hold,6.7,0.34959906,-0.1571169,0.01997057,1.1469108e-08,-1.3172424e-08,-0.07662567,0.99705994,0.34681377466923446,0.6535289373295082,0.6535306932497844,0.021313999572443124,0,0.0,256,0,-1,0.4095889,-0.11137771,0.038302764,-2.4626265,-0.0019622026,2.012284,0.7855318,0.015999695,0.016000437,0.0,0.0,nan,0,0.0,0.0,nan,0
6.71,final_hold,6.7,0.34959906,-0.1571169,0.01997057,-1.095144e-09,3.7146325e-08,-0.07662567,0.99705994,0.34917004514181743,0.6591199576469398,0.6591215778756776,0.016845304031627567,0,0.0,256,0,-1,0.41285938,-0.111129105,0.04147935,-2.4624267,-0.0007705292,2.012454,0.7855315,0.015996689,0.016003441,0.0,0.0,nan,0,0.0,0.0,nan,0
6.72,final_hold,6.7,0.34959906,-0.1571169,0.019970572,-2.8566088e-08,-4.148381e-10,-0.07662567,0.99705994,0.35113473190374267,0.6638562537251995,0.66385804883871,0.013245822473601435,0,0.0,256,0,-1,0.41560546,-0.110934384,0.044153716,-2.4622748,0.00016918546,2.0125873,0.7855311,0.015991936,0.016008189,0.0,0.0,nan,0,0.0,0.0,nan,0
6.73,final_hold,6.7,0.34959906,-0.1571169,0.01997057,1.7927068e-08,-2.0422782e-08,-0.07662567,0.99705994,0.3526896013406609,0.6676165431087633,0.6676194092646711,0.010575724418188166,0,0.0,256,0,-1,0.41778332,-0.110785715,0.046275627,-2.4621608,0.00090881716,2.012691,0.7855308,0.015987748,0.016012367,0.0,0.0,nan,0,0.0,0.0,nan,0
6.74,final_hold,6.7,0.34959906,-0.1571169,0.01997057,-4.444062e-09,6.542025e-09,-0.07662567,0.99705994,0.3538799627645822,0.6704770454154204,0.6704790946829057,0.008743907891114793,0,0.0,256,0,-1,0.41944662,-0.11067235,0.04789453,-2.462074,0.0014907625,2.0127718,0.7855306,0.015985014,0.016015086,0.0,0.0,nan,0,0.0,0.0,nan,0
6.75,final_hold,6.7,0.34959906,-0.1571169,0.019970572,-5.093902e-09,7.80113e-09,-0.07662567,0.99705994,0.35476893813544125,0.6725860621021545,0.6725876416980662,0.007584688839840123,0,0.0,256,0,-1,0.420683,-0.11058533,0.04909537,-2.462007,0.00194856,2.0128353,0.78553057,0.015983785,0.016016299,0.0,0.0,nan,0,0.0,0.0,nan,0
6.76,final_hold,6.7,0.34959906,-0.1571169,0.01997057,7.7647675e-09,-6.703791e-09,-0.07662567,0.99705994,0.3554210754053145,0.6741043565760718,0.6741068552279047,0.006906569692282998,0,0.0,256,0,-1,0.42158344,-0.11051798,0.04996716,-2.4619546,0.002308665,2.0128849,0.7855306,0.015983775,0.016016293,0.0,0.0,nan,0,0.0,0.0,nan,0
6.7700000000000005,final_hold,6.7,0.34959906,-0.1571169,0.01997057,1.5008606e-08,2.075333e-08,-0.07662567,0.99705994,0.3558933860763144,0.6751752495116962,0.6751777060958235,0.006535624878278883,0,0.0,256,0,-1,0.42222875,-0.110465415,0.05058927,-2.461913,0.0025919168,2.012924,0.78553075,0.015984617,0.016015438,0.0,0.0,nan,0,0.0,0.0,nan,0
6.78,final_hold,6.7,0.34959906,-0.1571169,0.019970572,-5.335922e-09,1.0244021e-08,-0.07662567,0.99705994,0.3562315180855301,0.675917109906476,0.6759194637257324,0.006342680657667498,0,0.0,256,0,-1,0.42268515,-0.11042416,0.051026925,-2.4618802,0.002814719,2.0129547,0.78553087,0.015985971,0.016014073,0.0,0.0,nan,0,0.0,0.0,nan,0
6.79,final_hold,6.7,0.34959906,-0.1571169,0.019970572,1.5381506e-08,2.5643874e-09,-0.07662567,0.99705994,0.3564718760818266,0.6764229684808654,0.6764244324590275,0.006245651233905486,0,0.0,256,0,-1,0.42300445,-0.11039166,0.05133107,-2.461854,0.002989977,2.012979,0.785531,0.015987575,0.016012462,0.0,0.0,nan,0,0.0,0.0,nan,0
6.8,final_hold,6.7,0.34959906,-0.1571169,0.01997057,1.9389695e-08,-1.3363838e-08,-0.07662567,0.99705994,0.3566412857665025,0.6767622379063006,0.6767635104440961,0.006198071037794021,0,0.0,256,0,-1,0.42322576,-0.11036602,0.051540162,-2.4618332,0.003127842,2.0129979,0.7855311,0.015989238,0.016010793,0.0,0.0,nan,0,0.0,0.0,nan,0
6.8100000000000005,final_hold,6.7,0.34959906,-0.1571169,0.01997057,1.1631497e-08,2.6831323e-08,-0.07662567,0.99705994,0.35676036691672286,0.6769864131130486,0.6769882750729607,0.0061751164565782115,0,0.0,256,0,-1,0.42337796,-0.11034577,0.051682513,-2.4618168,0.003236297,2.013013,0.7855312,0.01599084,0.016009185,0.0,0.0,nan,0,0.0,0.0,nan,0
6.82,final_hold,6.7,0.34959906,-0.1571169,0.01997057,-1.3263499e-08,2.1540194e-08,-0.07662567,0.99705994,0.35684394439044526,0.6771320358602124,0.6771336516699639,0.00616418290663708,0,0.0,256,0,-1,0.4234819,-0.110329814,0.051778547,-2.4618037,0.0033216204,2.0130246,0.78553134,0.01599231,0.016007712,0.0,0.0,nan,0,0.0,0.0,nan,0
6.83,final_hold,6.7,0.34959906,-0.1571169,0.01997057,2.6435334e-08,1.04798445e-08,-0.07662567,0.99705994,0.35690234195024634,0.6772245135240221,0.6772258874302979,0.006159153131268826,0,0.0,256,0,-1,0.42355248,-0.11031727,0.05184278,-2.4617934,0.0033887494,2.0130339,0.78553146,0.015993612,0.016006405,0.0,0.0,nan,0,0.0,0.0,nan,0
6.84,final_hold,6.7,0.34959906,-0.1571169,0.01997057,4.663677e-09,1.8295106e-08,-0.07662567,0.99705994,0.3569431770604181,0.6772816453886442,0.6772833043717075,0.006156905219239206,0,0.0,256,0,-1,0.42360014,-0.11030742,0.051885378,-2.4617853,0.003441566,2.013041,0.7855316,0.015994739,0.016005276,0.0,0.0,nan,0,0.0,0.0,nan,0
6.8500000000000005,final_hold,6.7,0.34959906,-0.1571169,0.019970572,1.3218523e-09,1.0110448e-08,-0.07662567,0.99705994,0.3569716212885568,0.6773160835648375,0.6773184699372992,0.006155921136017648,0,0.0,256,0,-1,0.42363217,-0.110299714,0.051913388,-2.4617789,0.0034831238,2.0130467,0.7855317,0.015995692,0.016004318,0.0,0.0,nan,0,0.0,0.0,nan,0
6.86,final_hold,6.7,0.34959906,-0.1571169,0.01997057,6.928133e-10,6.777707e-09,-0.07662567,0.99705994,0.3569917509484255,0.6773359461641532,0.6773378461314971,0.0061555728066280055,0,0.0,256,0,-1,0.42365366,-0.11029371,0.05193165,-2.4617739,0.0035158247,2.0130513,0.7855318,0.01599649,0.016003517,0.0,0.0,nan,0,0.0,0.0,nan,0
6.87,final_hold,6.7,0.34959906,-0.1571169,0.01997057,4.169595e-10,7.515409e-09,-0.07662567,0.99705994,0.35700590020988743,0.677346373947873,0.6773482516454697,0.006155405237635619,0,0.0,256,0,-1,0.42366803,-0.11028904,0.05194344,-2.4617698,0.003541557,2.0130548,0.7855319,0.015997149,0.016002858,0.0,0.0,nan,0,0.0,0.0,nan,0
6.88,final_hold,6.7,0.34959906,-0.1571169,0.01997057,1.4719857e-10,8.323329e-09,-0.07662567,0.99705994,0.3570160570602971,0.6773514718166638,0.6773532749420357,0.0061553970631826995,0,0.0,256,0,-1,0.4236776,-0.11028542,0.051950976,-2.4617667,0.0035618064,2.0130577,0.7855319,0.015997687,0.01600232,0.0,0.0,nan,0,0.0,0.0,nan,0
6.890000000000001,final_hold,6.7,0.34959906,-0.1571169,0.01997057,1.047631e-09,2.43577e-08,-0.07662567,0.99705994,0.357023230806936,0.6773528946523955,0.6773550689678433,0.0061553074538733665,0,0.0,256,0,-1,0.42368397,-0.11028262,0.051955737,-2.461764,0.0035777418,2.0130599,0.7855319,0.015998123,0.016001882,0.0,0.0,nan,0,0.0,0.0,nan,0
6.9,final_hold,6.7,0.34959906,-0.1571169,0.01997057,-3.4229156e-08,-4.529002e-09,-0.07662567,0.99705994,0.3570283454048375,0.6773524154900288,0.6773536337475626,0.006155339173151755,0,0.0,256,0,-1,0.4236882,-0.11028046,0.051958703,-2.4617622,0.0035902825,2.0130615,0.7855319,0.015998475,0.01600153,0.0,0.0,nan,0,0.0,0.0,nan,0
6.91,final_hold,6.7,0.34959906,-0.1571169,0.019970572,2.1375353e-08,-1.6261538e-08,-0.07662567,0.99705994,0.3570319225153927,0.6773514517295011,0.6773536337475626,0.006155398396767018,0,0.0,256,0,-1,0.42369103,-0.11027879,0.05196052,-2.4617608,0.0036001522,2.013063,0.7855319,0.015998757,0.016001247,0.0,0.0,nan,0,0.0,0.0,nan,0
6.92,final_hold,6.7,0.34959906,-0.1571169,0.01997057,-8.4082097e-10,1.0869125e-08,-0.07662567,0.99705994,0.3570347716928996,0.6773498891387589,0.6773511221050361,0.006155397597186713,0,0.0,256,0,-1,0.42369294,-0.11027751,0.05196161,-2.4617596,0.00360792,2.013064,0.7855319,0.015998982,0.016001021,0.0,0.0,nan,0,0.0,0.0,nan,0
6.93,final_hold,6.7,0.34959906,-0.1571169,0.019970572,-3.178999e-10,2.7356329e-08,-0.07662567,0.99705994,0.35703668660302657,0.6773483719921969,0.6773496868767148,0.0061553694377161315,0,0.0,256,0,-1,0.4236942,-0.11027652,0.05196224,-2.4617586,0.003614033,2.0130649,0.7855319,0.01599916,0.016000843,0.0,0.0,nan,0,0.0,0.0,nan,0
6.94,final_hold,6.7,0.34959906,-0.1571169,0.019970568,-5.5469633e-09,-3.6632542e-08,-0.07662567,0.99705994,0.35703811684845815,0.6773468333218884,0.6773482516454697,0.006155354613915691,0,0.0,256,0,-1,0.42369506,-0.11027577,0.051962595,-2.461758,0.0036188448,2.0130656,0.7855319,0.015999302,0.016000701,0.0,0.0,nan,0,0.0,0.0,nan,0
6.95,final_hold,6.7,0.34959906,-0.1571169,0.01997057,-3.3911578e-09,-4.7200093e-09,-0.07662567,0.99705994,0.3570392584069028,0.6773455527626858,0.6773475340287507,0.006155402152178957,0,0.0,256,0,-1,0.42369565,-0.11027518,0.05196278,-2.4617574,0.0036226318,2.013066,0.7855319,0.015999414,0.01600059,0.0,0.0,nan,0,0.0,0.0,nan,0
6.96,final_hold,6.7,0.34959906,-0.1571169,0.01997057,-3.6190917e-09,-3.3758534e-09,-0.07662567,0.99705994,0.35704014045239896,0.6773441611886667,0.677345739983755,0.006155358011772762,0,0.0,256,0,-1,0.42369604,-0.11027473,0.051962867,-2.461757,0.0036256122,2.0130665,0.7855319,0.015999502,0.016000502,0.0,0.0,nan,0,0.0,0.0,nan,0
6.97,final_hold,6.7,0.34959906,-0.1571169,0.01997057,-3.888026e-09,-2.5574711e-09,-0.07662567,0.99705994,0.3570407942728993,0.6773429640733645,0.6773443047444689,0.006155240938325115,0,0.0,256,0,-1,0.4236963,-0.1102744,0.051962893,-2.4617565,0.0036279582,2.013067,0.7855319,0.01599957,0.016000433,0.0,0.0,nan,0,0.0,0.0,nan,0
6.98,final_hold,6.7,0.34959906,-0.1571169,0.019970572,-2.1612713e-08,-1.6902808e-08,-0.07662567,0.99705994,0.3570413282921627,0.6773421408867966,0.6773443047444689,0.006155082893438165,0,0.0,256,0,-1,0.4236965,-0.11027414,0.05196289,-2.461756,0.003629805,2.0130672,0.7855319,0.015999625,0.016000379,0.0,0.0,nan,0,0.0,0.0,nan,0
6.99,final_hold,6.7,0.34959906,-0.1571169,0.019970572,5.6434537e-09,2.1560178e-08,-0.07662567,0.99705994,0.3570415734834579,0.6773411854396528,0.677342869502259,0.006155205344970499,0,0.0,256,0,-1,0.4236966,-0.11027395,0.05196287,-2.461756,0.0036312584,2.0130672,0.7855319,0.015999667,0.016000336,0.0,0.0,nan,0,0.0,0.0,nan,0
7.0,final_hold,6.7,0.34959906,-0.1571169,0.01997057,-2.4082516e-08,-1.2998245e-08,-0.07662567,0.99705994,0.35704175024385054,0.6773406351897228,0.6773425106912495,0.006155304964218334,0,0.0,256,0,-1,0.4236967,-0.11027379,0.05196285,-2.461756,0.003632402,2.0130672,0.7855319,0.015999699,0.016000303,0.0,0.0,nan,0,0.0,0.0,nan,0
7.01,final_hold,6.7,0.34959906,-0.1571169,0.019970572,-1.1464493e-08,2.522767e-08,-0.07662567,0.99705994,0.3570420030574519,0.6773402881420437,0.6773425106912495,0.006155386171241767,0,0.0,256,0,-1,0.42369676,-0.11027367,0.051962826,-2.461756,0.0036333022,2.0130672,0.7855319,0.015999725,0.016000276,0.0,0.0,nan,0,0.0,0.0,nan,0
7.0200000000000005,final_hold,6.7,0.34959906,-0.1571169,0.01997057,4.6331543e-09,2.443679e-08,-0.07662567,0.99705994,0.3570421066881657,0.6773401743959584,0.6773425106912495,0.006155447974957751,0,0.0,256,0,-1,0.42369682,-0.11027357,0.051962804,-2.461756,0.003634011,2.0130672,0.7855319,0.015999746,0.016000256,0.0,0.0,nan,0,0.0,0.0,nan,0
7.03,final_hold,6.7,0.34959906,-0.1571169,0.01997057,-1.8257197e-08,-1.8994543e-08,-0.07662567,0.99705994,0.35704218799722653,0.6773397008153531,0.6773417930686825,0.006155501015255147,0,0.0,256,0,-1,0.42369688,-0.11027349,0.05196278,-2.461756,0.0036345685,2.0130672,0.7855319,0.015999762,0.01600024,0.0,0.0,nan,0,0.0,0.0,nan,0
7.04,final_hold,6.7,0.34959906,-0.1571169,0.01997057,4.7968168e-11,-2.2808116e-08,-0.07662567,0.99705994,0.3570423460837151,0.6773393065010516,0.6773414342571249,0.00615553907538616,0,0.0,256,0,-1,0.4236969,-0.11027343,0.051962767,-2.461756,0.0036350074,2.0130672,0.7855319,0.015999775,0.016000226,0.0,0.0,nan,0,0.0,0.0,nan,0
7.05,final_hold,6.7,0.34959906,-0.1571169,0.01997057,-8.477824e-10,-9.099331e-09,-0.07662567,0.99705994,0.35704231317702256,0.6773393088134736,0.6773417930686825,0.006155567339993655,0,0.0,256,0,-1,0.4236969,-0.11027338,0.051962752,-2.461756,0.003635353,2.0130672,0.7855319,0.015999785,0.016000217,0.0,0.0,nan,0,0.0,0.0,nan,0
7.0600000000000005,final_hold,6.7,0.34959906,-0.1571169,0.01997057,-1.5498705e-08,-2.2682192e-08,-0.07662567,0.99705994,0.35704221972875994,0.6773388733676612,0.6773417930686825,0.006155585463461151,0,0.0,256,0,-1,0.4236969,-0.110273354,0.051962737,-2.461756,0.003635625,2.0130672,0.7855319,0.015999792,0.01600021,0.0,0.0,nan,0,0.0,0.0,nan,0
7.07,final_hold,6.7,0.34959906,-0.1571169,0.019970572,-7.211169e-10,-2.1530866e-08,-0.07662567,0.99705994,0.3570423789393908,0.6773388009376288,0.6773407166334613,0.0061555988978622585,0,0.0,256,0,-1,0.4236969,-0.11027333,0.051962726,-2.461756,0.0036358389,2.0130672,0.7855319,0.015999798,0.016000204,0.0,0.0,nan,0,0.0,0.0,nan,0
7.08,final_hold,6.7,0.34959906,-0.1571169,0.01997057,1.6101745e-10,-9.859959e-09,-0.07662567,0.99705994,0.3570423698334769,0.6773388000815467,0.6773410754453844,0.006155607428747438,0,0.0,256,0,-1,0.4236969,-0.11027332,0.05196272,-2.461756,0.0036360074,2.0130672,0.7855319,0.015999801,0.0160002,0.0,0.0,nan,0,0.0,0.0,nan,0
7.09,final_hold,6.7,0.34959906,-0.1571169,0.01997057,2.3499874e-10,-5.102848e-09,-0.07662567,0.99705994,0.3570423633565109,0.677338485173754,0.6773417930686825,0.0061556165575023065,0,0.0,256,0,-1,0.4236969,-0.1102733,0.05196271,-2.461756,0.0036361401,2.0130672,0.7855319,0.015999805,0.016000196,0.0,0.0,nan,0,0.0,0.0,nan,0
7.1000000000000005,final_hold,6.7,0.34959906,-0.1571169,0.01997057,-2.8727926e-11,-4.22558e-09,-0.07662567,0.99705994,0.35704237047957454,0.6773384299342509,0.6773407166334613,0.006155620462772297,0,0.0,256,0,-1,0.4236969,-0.110273294,0.051962703,-2.461756,0.0036362447,2.0130672,0.7855319,0.015999809,0.016000193,0.0,0.0,nan,0,0.0,0.0,nan,0
7.11,final_hold,6.7,0.34959906,-0.1571169,0.01997057,-1.4683685e-09,-1.8640488e-08,-0.07662567,0.99705994,0.35704238286538287,0.6773384607389223,0.6773417930686825,0.006155619075825923,0,0.0,256,0,-1,0.4236969,-0.110273294,0.0519627,-2.461756,0.0036363269,2.0130672,0.7855319,0.015999813,0.016000189,0.0,0.0,nan,0,0.0,0.0,nan,0
7.12,final_hold,6.7,0.34959906,-0.1571169,0.01997057,-8.651558e-10,-7.237399e-09,-0.07662567,0.99705994,0.35704238790764464,0.6773384159802432,0.6773407166334613,0.0061556180070635605,0,0.0,256,0,-1,0.4236969,-0.110273294,0.0519627,-2.461756,0.0036363916,2.0130672,0.7855319,0.015999813,0.016000189,0.0,0.0,nan,0,0.0,0.0,nan,0
7.13,final_hold,6.7,0.34959906,-0.1571169,0.01997057,-8.115628e-10,-2.2822038e-09,-0.07662567,0.99705994,0.3570423964515935,0.6773384057667439,0.6773407166334613,0.006155617165604002,0,0.0,256,0,-1,0.4236969,-0.110273294,0.0519627,-2.461756,0.0036364426,2.0130672,0.7855319,0.015999813,0.016000189,0.0,0.0,nan,0,0.0,0.0,nan,0
7.140000000000001,final_hold,6.7,0.34959906,-0.1571169,0.01997057,-1.0756406e-09,-1.4015278e-09,-0.07662567,0.99705994,0.3570424861906284,0.6773384220872632,0.6773407166334613,0.0061556165050277055,0,0.0,256,0,-1,0.4236969,-0.110273294,0.0519627,-2.461756,0.0036364826,2.0130672,0.7855319,0.015999813,0.016000189,0.0,0.0,nan,0,0.0,0.0,nan,0
7.15,final_hold,6.7,0.34959906,-0.1571169,0.01997057,-1.3452021e-09,-5.911884e-10,-0.07662567,0.99705994,0.3570424861906284,0.6773384220872632,0.6773407166334613,0.00615561598673457,0,0.0,256,0,-1,0.4236969,-0.110273294,0.0519627,-2.461756,0.003636514,2.0130672,0.7855319,0.015999813,0.016000189,0.0,0.0,nan,0,0.0,0.0,nan,0
7.16,final_hold,6.7,0.34959906,-0.1571169,0.01997057,-1.6148549e-09,2.1797879e-10,-0.07662567,0.99705994,0.3570424785281937,0.6773384001943697,0.6773407166334613,0.006155615576053257,0,0.0,256,0,-1,0.4236969,-0.110273294,0.0519627,-2.461756,0.003636539,2.0130672,0.7855319,0.015999813,0.016000189,0.0,0.0,nan,0,0.0,0.0,nan,0
7.17,final_hold,6.7,0.34959906,-0.1571169,0.01997057,-1.8845088e-09,1.027132e-09,-0.07662567,0.99705994,0.357042500765165,0.6773384475284874,0.6773410754453844,0.006155615249882935,0,0.0,256,0,-1,0.4236969,-0.110273294,0.0519627,-2.461756,0.0036365588,2.0130672,0.7855319,0.015999813,0.016000189,0.0,0.0,nan,0,0.0,0.0,nan,0
7.18,final_hold,6.7,0.34959906,-0.1571169,0.01997057,-2.1541628e-09,1.836285e-09,-0.07662567,0.99705994,0.357042500765165,0.6773384498643663,0.6773410754453844,0.006155614996665146,0,0.0,256,0,-1,0.4236969,-0.110273294,0.0519627,-2.461756,0.0036365741,2.0130672,0.7855319,0.015999813,0.016000189,0.0,0.0,nan,0,0.0,0.0,nan,0
7.19,final_hold,6.7,0.34959906,-0.1571169,0.019970568,-9.451393e-09,1.0843095e-08,-0.07662567,0.99705994,0.357042500765165,0.6773384661848855,0.6773410754453844,0.006155614797187231,0,0.0,256,0,-1,0.4236969,-0.110273294,0.0519627,-2.461756,0.0036365862,2.0130672,0.7855319,0.015999813,0.016000189,0.0,0.0,nan,0,0.0,0.0,nan,0
7.2,final_hold,6.7,0.34959906,-0.1571169,0.01997057,1.0480739e-08,4.565581e-09,-0.07662567,0.99705994,0.357042500765165,0.6773384451926083,0.6773410754453844,0.006155614639923353,0,0.0,256,0,-1,0.4236969,-0.110273294,0.0519627,-2.461756,0.0036365958,2.0130672,0.7855319,0.015999813,0.016000189,0.0,0.0,nan,0,0.0,0.0,nan,0
7.21,final_hold,6.7,0.34959906,-0.1571169,0.01997057,7.256838e-09,-3.1554628e-09,-0.07662567,0.99705994,0.3570424829025902,0.6773384340478594,0.6773410754453844,0.0061556145171910975,0,0.0,256,0,-1,0.4236969,-0.110273294,0.0519627,-2.461756,0.0036366032,2.0130672,0.7855319,0.015999813,0.016000189,0.0,0.0,nan,0,0.0,0.0,nan,0
7.22,final_hold,6.7,0.34959906,-0.1571169,0.01997057,5.2114775e-09,-3.9521653e-09,-0.07662567,0.99705994,0.3570424829025902,0.6773384363837386,0.6773410754453844,0.006155614417477778,0,0.0,256,0,-1,0.4236969,-0.110273294,0.0519627,-2.461756,0.0036366093,2.0130672,0.7855319,0.015999813,0.016000189,0.0,0.0,nan,0,0.0,0.0,nan,0
7.23,final_hold,6.7,0.34959906,-0.1571169,0.01997057,1.1953214e-08,-1.1355307e-08,-0.07662567,0.99705994,0.3570424829025902,0.6773384177273399,0.6773410754453844,0.006155614344614117,0,0.0,256,0,-1,0.4236969,-0.110273294,0.0519627,-2.461756,0.0036366137,2.0130672,0.7855319,0.015999813,0.016000189,0.0,0.0,nan,0,0.0,0.0,nan,0
7.24,final_hold,6.7,0.34959906,-0.1571169,0.019970572,6.91111e-09,-5.3725366e-09,-0.07662567,0.99705994,0.3570424829025902,0.6773384177273399,0.6773410754453844,0.006155614283257709,0,0.0,256,0,-1,0.4236969,-0.110273294,0.0519627,-2.461756,0.0036366174,2.0130672,0.7855319,0.015999813,0.016000189,0.0,0.0,nan,0,0.0,0.0,nan,0
7.25,final_hold,6.7,0.34959906,-0.1571169,0.01997057,1.9945992e-08,-3.5211094e-09,-0.07662567,0.99705994,0.3570424829025902,0.677338415391461,0.6773410754453844,0.006155614233407287,0,0.0,256,0,-1,0.4236969,-0.110273294,0.0519627,-2.461756,0.0036366205,2.0130672,0.7855319,0.015999813,0.016000189,0.0,0.0,nan,0,0.0,0.0,nan,0
7.26,final_hold,6.7,0.34959906,-0.1571169,0.019970572,6.1557692e-09,1.2225413e-09,-0.07662567,0.99705994,0.3570424829025902,0.6773384340478594,0.6773410754453844,0.006155614195061822,0,0.0,256,0,-1,0.4236969,-0.110273294,0.0519627,-2.461756,0.0036366228,2.0130672,0.7855319,0.015999813,0.016000189,0.0,0.0,nan,0,0.0,0.0,nan,0
7.2700000000000005,final_hold,6.7,0.34959906,-0.1571169,0.01997057,1.8731948e-08,-9.111632e-10,-0.07662567,0.99705994,0.3570424829025902,0.6773384317119806,0.6773410754453844,0.006155614164386082,0,0.0,256,0,-1,0.4236969,-0.110273294,0.0519627,-2.461756,0.0036366247,2.0130672,0.7855319,0.015999813,0.016000189,0.0,0.0,nan,0,0.0,0.0,nan,0
7.28,final_hold,6.7,0.34959906,-0.1571169,0.01997057,-6.968828e-09,1.9019988e-09,-0.07662567,0.99705994,0.3570424829025902,0.6773384387196172,0.6773410754453844,0.006155614141379649,0,0.0,256,0,-1,0.4236969,-0.110273294,0.0519627,-2.461756,0.003636626,2.0130672,0.7855319,0.015999813,0.016000189,0.0,0.0,nan,0,0.0,0.0,nan,0
7.29,final_hold,6.7,0.34959906,-0.1571169,0.019970572,-2.8858691e-08,4.3771684e-09,-0.07662567,0.99705994,0.3570424829025902,0.6773384620477733,0.6773410754453844,0.006155614126042201,0,0.0,256,0,-1,0.4236969,-0.110273294,0.0519627,-2.461756,0.003636627,2.0130672,0.7855319,0.015999813,0.016000189,0.0,0.0,nan,0,0.0,0.0,nan,0
7.3,final_hold,6.7,0.34959906,-0.1571169,0.01997057,3.5185245e-08,2.1261588e-10,-0.07662567,0.99705994,0.3570424829025902,0.6773384107197029,0.6773410754453844,0.006155614110704896,0,0.0,256,0,-1,0.4236969,-0.110273294,0.0519627,-2.461756,0.003636628,2.0130672,0.7855319,0.015999813,0.016000189,0.0,0.0,nan,0,0.0,0.0,nan,0
7.3100000000000005,final_hold,6.7,0.34959906,-0.1571169,0.01997057,3.7803973e-09,3.4451813e-09,-0.07662567,0.99705994,0.3570424829025902,0.6773384363837386,0.6773410754453844,0.006155614099202009,0,0.0,256,0,-1,0.4236969,-0.110273294,0.0519627,-2.461756,0.0036366286,2.0130672,0.7855319,0.015999813,0.016000189,0.0,0.0,nan,0,0.0,0.0,nan,0
7.32,final_hold,6.7,0.34959906,-0.1571169,0.01997057,4.129374e-09,4.206183e-09,-0.07662567,0.99705994,0.3570424829025902,0.6773384363837386,0.6773410754453844,0.006155614091533462,0,0.0,256,0,-1,0.4236969,-0.110273294,0.0519627,-2.461756,0.003636629,2.0130672,0.7855319,0.015999813,0.016000189,0.0,0.0,nan,0,0.0,0.0,nan,0
7.33,final_hold,6.7,0.34959906,-0.1571169,0.01997057,1.1911763e-08,1.15751355e-08,-0.07662567,0.99705994,0.3570424829025902,0.6773384317119806,0.6773410754453844,0.00615561408386495,0,0.0,256,0,-1,0.4236969,-0.110273294,0.0519627,-2.461756,0.0036366296,2.0130672,0.7855319,0.015999813,0.016000189,0.0,0.0,nan,0,0.0,0.0,nan,0
7.34,final_hold,6.7,0.34959906,-0.1571169,0.01997057,-2.3221915e-08,-1.7511422e-08,-0.07662567,0.99705994,0.3570424829025902,0.6773384294067346,0.6773410754453844,0.006155614076196472,0,0.0,256,0,-1,0.4236969,-0.110273294,0.0519627,-2.461756,0.00363663,2.0130672,0.7855319,0.015999813,0.016000189,0.0,0.0,nan,0,0.0,0.0,nan,0
7.3500000000000005,final_hold,6.7,0.34959906,-0.1571169,0.019970572,-6.8096275e-09,-2.4594147e-09,-0.07662567,0.99705994,0.3570424423365964,0.677338413972953,0.6773407166334613,0.006155614072362247,0,0.0,256,0,-1,0.4236969,-0.110273294,0.0519627,-2.461756,0.0036366303,2.0130672,0.7855319,0.015999813,0.016000189,0.0,0.0,nan,0,0.0,0.0,nan,0
7.36,final_hold,6.7,0.34959906,-0.1571169,0.019970572,-7.410738e-09,-1.9332551e-09,-0.07662567,0.99705994,0.3570424423365964,0.677338413972953,0.6773407166334613,0.006155614072362247,0,0.0,256,0,-1,0.4236969,-0.110273294,0.0519627,-2.461756,0.0036366303,2.0130672,0.7855319,0.015999813,0.016000189,0.0,0.0,nan,0,0.0,0.0,nan,0
7.37,final_hold,6.7,0.34959906,-0.1571169,0.019970572,-8.011848e-09,-1.4070956e-09,-0.07662567,0.99705994,0.3570424423365964,0.677338413972953,0.6773407166334613,0.006155614072362247,0,0.0,256,0,-1,0.4236969,-0.110273294,0.0519627,-2.461756,0.0036366303,2.0130672,0.7855319,0.015999813,0.016000189,0.0,0.0,nan,0,0.0,0.0,nan,0
7.38,final_hold,6.7,0.34959906,-0.1571169,0.01997057,7.495359e-09,1.2997069e-08,-0.07662567,0.99705994,0.3570424423365964,0.677338408133256,0.6773407166334613,0.006155614072362247,0,0.0,256,0,-1,0.4236969,-0.110273294,0.0519627,-2.461756,0.0036366303,2.0130672,0.7855319,0.015999813,0.016000189,0.0,0.0,nan,0,0.0,0.0,nan,0
7.390000000000001,final_hold,6.7,0.34959906,-0.1571169,0.01997057,-1.1643663e-08,1.1862687e-08,-0.07662567,0.99705994,0.3570424423365964,0.6773384302934718,0.6773407166334613,0.006155614072362247,0,0.0,256,0,-1,0.4236969,-0.110273294,0.0519627,-2.461756,0.0036366303,2.0130672,0.7855319,0.015999813,0.016000189,0.0,0.0,nan,0,0.0,0.0,nan,0
7.4,final_hold,6.7,0.34959906,-0.1571169,0.01997057,5.5063554e-09,-3.190219e-08,-0.07662567,0.99705994,0.3570424423365964,0.677338380163975,0.6773403578213555,0.006155614072362247,0,0.0,256,0,-1,0.4236969,-0.110273294,0.0519627,-2.461756,0.0036366303,2.0130672,0.7855319,0.015999813,0.016000189,0.0,0.0,nan,0,0.0,0.0,nan,0
7.41,final_hold,6.7,0.34959906,-0.1571169,0.01997057,1.7463018e-08,2.4652385e-08,-0.07662567,0.99705994,0.3570424423365964,0.6773384209499566,0.6773407166334613,0.006155614072362247,0,0.0,256,0,-1,0.4236969,-0.110273294,0.0519627,-2.461756,0.0036366303,2.0130672,0.7855319,0.015999813,0.016000189,0.0,0.0,nan,0,0.0,0.0,nan,0
7.42,final_hold,6.7,0.34959906,-0.1571169,0.01997057,-6.51466e-11,1.1445076e-08,-0.07662567,0.99705994,0.3570424423365964,0.6773384104691347,0.6773407166334613,0.006155614072362247,0,0.0,256,0,-1,0.4236969,-0.110273294,0.0519627,-2.461756,0.0036366303,2.0130672,0.7855319,0.015999813,0.016000189,0.0,0.0,nan,0,0.0,0.0,nan,0
7.43,final_hold,6.7,0.34959906,-0.1571169,0.01997057,-2.818635e-09,-1.644356e-08,-0.07662567,0.99705994,0.3570424423365964,0.6773383976524341,0.6773407166334613,0.006155614072362247,0,0.0,256,0,-1,0.4236969,-0.110273294,0.0519627,-2.461756,0.0036366303,2.0130672,0.7855319,0.015999813,0.016000189,0.0,0.0,nan,0,0.0,0.0,nan,0
7.44,final_hold,6.7,0.34959906,-0.1571169,0.01997057,-2.544474e-09,-9.259643e-09,-0.07662567,0.99705994,0.3570424423365964,0.6773383976524341,0.6773407166334613,0.006155614072362247,0,0.0,256,0,-1,0.4236969,-0.110273294,0.0519627,-2.461756,0.0036366303,2.0130672,0.7855319,0.015999813,0.016000189,0.0,0.0,nan,0,0.0,0.0,nan,0
7.45,final_hold,6.7,0.34959906,-0.1571169,0.01997057,-3.6510697e-09,-1.9805174e-08,-0.07662567,0.99705994,0.3570424423365964,0.6773383976524341,0.6773407166334613,0.006155614072362247,0,0.0,256,0,-1,0.4236969,-0.110273294,0.0519627,-2.461756,0.0036366303,2.0130672,0.7855319,0.015999813,0.016000189,0.0,0.0,nan,0,0.0,0.0,nan,0
7.46,final_hold,6.7,0.34959906,-0.1571169,0.019970572,2.2200148e-11,-5.845007e-09,-0.07662567,0.99705994,0.3570424423365964,0.6773383953165549,0.6773407166334613,0.006155614072362247,0,0.0,256,0,-1,0.4236969,-0.110273294,0.0519627,-2.461756,0.0036366303,2.0130672,0.7855319,0.015999813,0.016000189,0.0,0.0,nan,0,0.0,0.0,nan,0
7.47,final_hold,6.7,0.34959906,-0.1571169,0.019970568,-3.1788832e-09,-1.8762977e-08,-0.07662567,0.99705994,0.3570424423365964,0.6773383976524341,0.6773407166334613,0.006155614072362247,0,0.0,256,0,-1,0.4236969,-0.110273294,0.0519627,-2.461756,0.0036366303,2.0130672,0.7855319,0.015999813,0.016000189,0.0,0.0,nan,0,0.0,0.0,nan,0
7.48,final_hold,6.7,0.34959906,-0.1571169,0.01997057,-1.434704e-09,7.77968e-09,-0.07662567,0.99705994,0.3570424423365964,0.6773384116370743,0.6773407166334613,0.006155614072362247,0,0.0,256,0,-1,0.4236969,-0.110273294,0.0519627,-2.461756,0.0036366303,2.0130672,0.7855319,0.015999813,0.016000189,0.0,0.0,nan,0,0.0,0.0,nan,0
7.49,final_hold,6.7,0.34959906,-0.1571169,0.019970572,-8.235839e-09,2.318669e-08,-0.07662567,0.99705994,0.3570424423365964,0.6773384291255323,0.6773407166334613,0.006155614072362247,0,0.0,256,0,-1,0.4236969,-0.110273294,0.0519627,-2.461756,0.0036366303,2.0130672,0.7855319,0.015999813,0.016000189,0.0,0.0,nan,0,0.0,0.0,nan,0
7.5,final_hold,6.7,0.34959906,-0.1571169,0.01997057,6.3576167e-09,6.7784263e-09,-0.07662567,0.99705994,0.3570424423365964,0.6773384093011952,0.6773407166334613,0.006155614072362247,0,0.0,256,0,-1,0.4236969,-0.110273294,0.0519627,-2.461756,0.0036366303,2.0130672,0.7855319,0.015999813,0.016000189,0.0,0.0,nan,0,0.0,0.0,nan,0
7.51,final_hold,6.7,0.34959906,-0.1571169,0.01997057,-2.3953616e-08,1.1625351e-08,-0.07662567,0.99705994,0.3570424423365964,0.67733843379729,0.6773407166334613,0.006155614072362247,0,0.0,256,0,-1,0.4236969,-0.110273294,0.0519627,-2.461756,0.0036366303,2.0130672,0.7855319,0.015999813,0.016000189,0.0,0.0,nan,0,0.0,0.0,nan,0
7.5200000000000005,final_hold,6.7,0.34959906,-0.1571169,0.01997057,-2.2121938e-08,-1.4337503e-08,-0.07662567,0.99705994,0.3570424423365964,0.6773384034921309,0.6773407166334613,0.006155614072362247,0,0.0,256,0,-1,0.4236969,-0.110273294,0.0519627,-2.461756,0.0036366303,2.0130672,0.7855319,0.015999813,0.016000189,0.0,0.0,nan,0,0.0,0.0,nan,0
7.53,final_hold,6.7,0.34959906,-0.1571169,0.01997057,5.3590834e-09,2.4004423e-08,-0.07662567,0.99705994,0.3570424423365964,0.6773384256217141,0.6773407166334613,0.006155614072362247,0,0.0,256,0,-1,0.4236969,-0.110273294,0.0519627,-2.461756,0.0036366303,2.0130672,0.7855319,0.015999813,0.016000189,0.0,0.0,nan,0,0.0,0.0,nan,0
7.54,final_hold,6.7,0.34959906,-0.1571169,0.019970572,-5.7946834e-09,3.3596084e-09,-0.07662567,0.99705994,0.3570424423365964,0.6773384128050138,0.6773407166334613,0.006155614072362247,0,0.0,256,0,-1,0.4236969,-0.110273294,0.0519627,-2.461756,0.0036366303,2.0130672,0.7855319,0.015999813,0.016000189,0.0,0.0,nan,0,0.0,0.0,nan,0
7.55,final_hold,6.7,0.34959906,-0.1571169,0.01997057,-2.3810053e-08,-1.1182497e-08,-0.07662567,0.99705994,0.3570424423365964,0.6773384034921309,0.6773407166334613,0.006155614072362247,0,0.0,256,0,-1,0.4236969,-0.110273294,0.0519627,-2.461756,0.0036366303,2.0130672,0.7855319,0.015999813,0.016000189,0.0,0.0,nan,0,0.0,0.0,nan,0
7.5600000000000005,final_hold,6.7,0.34959906,-0.1571169,0.01997057,1.0353781e-08,1.9094207e-08,-0.07662567,0.99705994,0.3570424423365964,0.6773384232858352,0.6773407166334613,0.006155614072362247,0,0.0,256,0,-1,0.4236969,-0.110273294,0.0519627,-2.461756,0.0036366303,2.0130672,0.7855319,0.015999813,0.016000189,0.0,0.0,nan,0,0.0,0.0,nan,0
7.57,final_hold,6.7,0.34959906,-0.1571169,0.01997057,-1.5143252e-08,-3.5864822e-09,-0.07662567,0.99705994,0.3570424423365964,0.677338416308832,0.6773407166334613,0.006155614072362247,0,0.0,256,0,-1,0.4236969,-0.110273294,0.0519627,-2.461756,0.0036366303,2.0130672,0.7855319,0.015999813,0.016000189,0.0,0.0,nan,0,0.0,0.0,nan,0
7.58,final_hold,6.7,0.34959906,-0.1571169,0.01997057,3.5155212e-09,-1.2209966e-08,-0.07662567,0.99705994,0.3570424423365964,0.6773383953165549,0.6773407166334613,0.006155614072362247,0,0.0,256,0,-1,0.4236969,-0.110273294,0.0519627,-2.461756,0.0036366303,2.0130672,0.7855319,0.015999813,0.016000189,0.0,0.0,nan,0,0.0,0.0,nan,0
7.59,final_hold,6.7,0.34959906,-0.1571169,0.01997057,2.37767e-09,-6.202571e-09,-0.07662567,0.99705994,0.3570424423365964,0.6773383941486154,0.6773403578213555,0.006155614072362247,0,0.0,256,0,-1,0.4236969,-0.110273294,0.0519627,-2.461756,0.0036366303,2.0130672,0.7855319,0.015999813,0.016000189,0.0,0.0,nan,0,0.0,0.0,nan,0
7.6000000000000005,final_hold,6.7,0.34959906,-0.1571169,0.01997057,7.282239e-09,-1.1378301e-08,-0.07662567,0.99705994,0.3570424423365964,0.6773383941486154,0.6773403578213555,0.006155614072362247,0,0.0,256,0,-1,0.4236969,-0.110273294,0.0519627,-2.461756,0.0036366303,2.0130672,0.7855319,0.015999813,0.016000189,0.0,0.0,nan,0,0.0,0.0,nan,0
7.61,final_hold,6.7,0.34959906,-0.1571169,0.01997057,-6.3519576e-09,4.8640727e-09,-0.07662567,0.99705994,0.3570424423365964,0.677338413972953,0.6773407166334613,0.006155614072362247,0,0.0,256,0,-1,0.4236969,-0.110273294,0.0519627,-2.461756,0.0036366303,2.0130672,0.7855319,0.015999813,0.016000189,0.0,0.0,nan,0,0.0,0.0,nan,0
7.62,final_hold,6.7,0.34959906,-0.1571169,0.019970572,-9.610445e-09,9.135636e-09,-0.07662567,0.99705994,0.3570424423365964,0.6773384128050138,0.6773407166334613,0.006155614072362247,0,0.0,256,0,-1,0.4236969,-0.110273294,0.0519627,-2.461756,0.0036366303,2.0130672,0.7855319,0.015999813,0.016000189,0.0,0.0,nan,0,0.0,0.0,nan,0
7.63,final_hold,6.7,0.34959906,-0.1571169,0.01997057,3.1136058e-09,-5.324205e-09,-0.07662567,0.99705994,0.3570424423365964,0.6773383941486154,0.6773403578213555,0.006155614072362247,0,0.0,256,0,-1,0.4236969,-0.110273294,0.0519627,-2.461756,0.0036366303,2.0130672,0.7855319,0.015999813,0.016000189,0.0,0.0,nan,0,0.0,0.0,nan,0
7.640000000000001,final_hold,6.7,0.34959906,-0.1571169,0.01997057,-1.5502318e-08,1.1603766e-10,-0.07662567,0.99705994,0.3570424423365964,0.677338416308832,0.6773407166334613,0.006155614072362247,0,0.0,256,0,-1,0.4236969,-0.110273294,0.0519627,-2.461756,0.0036366303,2.0130672,0.7855319,0.015999813,0.016000189,0.0,0.0,nan,0,0.0,0.0,nan,0
7.65,final_hold,6.7,0.34959906,-0.1571169,0.01997057,-3.593863e-08,4.40477e-09,-0.07662567,0.99705994,0.3570424423365964,0.6773384384690476,0.6773407166334613,0.006155614072362247,0,0.0,256,0,-1,0.4236969,-0.110273294,0.0519627,-2.461756,0.0036366303,2.0130672,0.7855319,0.015999813,0.016000189,0.0,0.0,nan,0,0.0,0.0,nan,0
7.66,final_hold,6.7,0.34959906,-0.1571169,0.019970572,4.8667594e-09,1.0707629e-08,-0.07662567,0.99705994,0.3570424423365964,0.6773384093011952,0.6773407166334613,0.006155614072362247,0,0.0,256,0,-1,0.4236969,-0.110273294,0.0519627,-2.461756,0.0036366303,2.0130672,0.7855319,0.015999813,0.016000189,0.0,0.0,nan,0,0.0,0.0,nan,0
7.67,final_hold,6.7,0.34959906,-0.1571169,0.01997057,5.303708e-09,1.1611309e-08,-0.07662567,0.99705994,0.3570424423365964,0.6773384093011952,0.6773407166334613,0.006155614072362247,0,0.0,256,0,-1,0.4236969,-0.110273294,0.0519627,-2.461756,0.0036366303,2.0130672,0.7855319,0.015999813,0.016000189,0.0,0.0,nan,0,0.0,0.0,nan,0
7.68,final_hold,6.7,0.34959906,-0.1571169,0.01997057,-2.6523372e-09,5.8187166e-09,-0.07662567,0.99705994,0.3570424423365964,0.6773384128050138,0.6773407166334613,0.006155614072362247,0,0.0,256,0,-1,0.4236969,-0.110273294,0.0519627,-2.461756,0.0036366303,2.0130672,0.7855319,0.015999813,0.016000189,0.0,0.0,nan,0,0.0,0.0,nan,0
7.69,final_hold,6.7,0.34959906,-0.1571169,0.019970572,-5.201127e-09,4.6738315e-09,-0.07662567,0.99705994,0.3570424423365964,0.6773384128050138,0.6773407166334613,0.006155614072362247,0,0.0,256,0,-1,0.4236969,-0.110273294,0.0519627,-2.461756,0.0036366303,2.0130672,0.7855319,0.015999813,0.016000189,0.0,0.0,nan,0,0.0,0.0,nan,0
7.7,final_hold,6.7,0.34959906,-0.1571169,0.019970572,-5.4253655e-09,5.521922e-09,-0.07662567,0.99705994,0.3570424423365964,0.6773384128050138,0.6773407166334613,0.006155614072362247,0,0.0,256,0,-1,0.4236969,-0.110273294,0.0519627,-2.461756,0.0036366303,2.0130672,0.7855319,0.015999813,0.016000189,0.0,0.0,nan,0,0.0,0.0,nan,0
7.71,final_hold,6.7,0.34959906,-0.1571169,0.01997057,7.941373e-09,-9.566119e-09,-0.07662567,0.99705994,0.3570424423365964,0.6773383941486154,0.6773403578213555,0.006155614072362247,0,0.0,256,0,-1,0.4236969,-0.110273294,0.0519627,-2.461756,0.0036366303,2.0130672,0.7855319,0.015999813,0.016000189,0.0,0.0,nan,0,0.0,0.0,nan,0
7.72,final_hold,6.7,0.34959906,-0.1571169,0.019970572,-2.43851e-09,2.6890867e-09,-0.07662567,0.99705994,0.3570424423365964,0.6773384128050138,0.6773407166334613,0.006155614072362247,0,0.0,256,0,-1,0.4236969,-0.110273294,0.0519627,-2.461756,0.0036366303,2.0130672,0.7855319,0.015999813,0.016000189,0.0,0.0,nan,0,0.0,0.0,nan,0
7.73,final_hold,6.7,0.34959906,-0.1571169,0.01997057,-1.2668434e-08,1.5089535e-08,-0.07662567,0.99705994,0.3570424423365964,0.6773384302934718,0.6773407166334613,0.006155614072362247,0,0.0,256,0,-1,0.4236969,-0.110273294,0.0519627,-2.461756,0.0036366303,2.0130672,0.7855319,0.015999813,0.016000189,0.0,0.0,nan,0,0.0,0.0,nan,0
7.74,final_hold,6.7,0.34959906,-0.1571169,0.01997057,1.8658703e-09,-1.3705983e-09,-0.07662567,0.99705994,0.3570424423365964,0.6773384116370743,0.6773407166334613,0.006155614072362247,0,0.0,256,0,-1,0.4236969,-0.110273294,0.0519627,-2.461756,0.0036366303,2.0130672,0.7855319,0.015999813,0.016000189,0.0,0.0,nan,0,0.0,0.0,nan,0
7.75,final_hold,6.7,0.34959906,-0.1571169,0.01997057,1.801992e-09,-8.014883e-10,-0.07662567,0.99705994,0.3570424423365964,0.6773384116370743,0.6773407166334613,0.006155614072362247,0,0.0,256,0,-1,0.4236969,-0.110273294,0.0519627,-2.461756,0.0036366303,2.0130672,0.7855319,0.015999813,0.016000189,0.0,0.0,nan,0,0.0,0.0,nan,0
7.76,final_hold,6.7,0.34959906,-0.1571169,0.01997057,1.4937024e-09,5.2734376e-11,-0.07662567,0.99705994,0.3570424423365964,0.6773384116370743,0.6773407166334613,0.006155614072362247,0,0.0,256,0,-1,0.4236969,-0.110273294,0.0519627,-2.461756,0.0036366303,2.0130672,0.7855319,0.015999813,0.016000189,0.0,0.0,nan,0,0.0,0.0,nan,0
7.7700000000000005,final_hold,6.7,0.34959906,-0.1571169,0.01997057,1.1854128e-09,9.0695707e-10,-0.07662567,0.99705994,0.3570424423365964,0.6773384116370743,0.6773407166334613,0.006155614072362247,0,0.0,256,0,-1,0.4236969,-0.110273294,0.0519627,-2.461756,0.0036366303,2.0130672,0.7855319,0.015999813,0.016000189,0.0,0.0,nan,0,0.0,0.0,nan,0
7.78,final_hold,6.7,0.34959906,-0.1571169,0.01997057,1.7801078e-08,1.619952e-08,-0.07662567,0.99705994,0.3570424423365964,0.6773384046294378,0.6773407166334613,0.006155614072362247,0,0.0,256,0,-1,0.4236969,-0.110273294,0.0519627,-2.461756,0.0036366303,2.0130672,0.7855319,0.015999813,0.016000189,0.0,0.0,nan,0,0.0,0.0,nan,0
7.79,final_hold,6.7,0.34959906,-0.1571169,0.019970572,-8.918086e-09,-5.6654264e-09,-0.07662567,0.99705994,0.3570424423365964,0.677338413972953,0.6773407166334613,0.006155614072362247,0,0.0,256,0,-1,0.4236969,-0.110273294,0.0519627,-2.461756,0.0036366303,2.0130672,0.7855319,0.015999813,0.016000189,0.0,0.0,nan,0,0.0,0.0,nan,0
7.8,final_hold,6.7,0.34959906,-0.1571169,0.01997057,5.6032343e-09,7.702428e-09,-0.07662567,0.99705994,0.3570424423365964,0.6773384104691347,0.6773407166334613,0.006155614072362247,0,0.0,256,0,-1,0.4236969,-0.110273294,0.0519627,-2.461756,0.0036366303,2.0130672,0.7855319,0.015999813,0.016000189,0.0,0.0,nan,0,0.0,0.0,nan,0
7.8100000000000005,final_hold,6.7,0.34959906,-0.1571169,0.01997057,1.674277e-09,5.3566485e-09,-0.07662567,0.99705994,0.3570424423365964,0.6773384116370743,0.6773407166334613,0.006155614072362247,0,0.0,256,0,-1,0.4236969,-0.110273294,0.0519627,-2.461756,0.0036366303,2.0130672,0.7855319,0.015999813,0.016000189,0.0,0.0,nan,0,0.0,0.0,nan,0
7.82,final_hold,6.7,0.34959906,-0.1571169,0.01997057,3.650207e-10,1.9496438e-08,-0.07662567,0.99705994,0.3570424423365964,0.6773384267896538,0.6773407166334613,0.006155614072362247,0,0.0,256,0,-1,0.4236969,-0.110273294,0.0519627,-2.461756,0.0036366303,2.0130672,0.7855319,0.015999813,0.016000189,0.0,0.0,nan,0,0.0,0.0,nan,0
7.83,final_hold,6.7,0.34959906,-0.1571169,0.01997057,-1.956357e-09,-5.9281766e-09,-0.07662567,0.99705994,0.3570424423365964,0.6773383964844946,0.6773407166334613,0.006155614072362247,0,0.0,256,0,-1,0.4236969,-0.110273294,0.0519627,-2.461756,0.0036366303,2.0130672,0.7855319,0.015999813,0.016000189,0.0,0.0,nan,0,0.0,0.0,nan,0
7.84,final_hold,6.7,0.34959906,-0.1571169,0.019970568,1.3534915e-08,3.3085254e-10,-0.07662567,0.99705994,0.3570424423365964,0.677338408133256,0.6773407166334613,0.006155614072362247,0,0.0,256,0,-1,0.4236969,-0.110273294,0.0519627,-2.461756,0.0036366303,2.0130672,0.7855319,0.015999813,0.016000189,0.0,0.0,nan,0,0.0,0.0,nan,0
7.8500000000000005,final_hold,6.7,0.34959906,-0.1571169,0.01997057,2.4035984e-08,1.2071716e-08,-0.07662567,0.99705994,0.3570424423365964,0.6773384034614979,0.6773407166334613,0.006155614072362247,0,0.0,256,0,-1,0.4236969,-0.110273294,0.0519627,-2.461756,0.0036366303,2.0130672,0.7855319,0.015999813,0.016000189,0.0,0.0,nan,0,0.0,0.0,nan,0
7.86,final_hold,6.7,0.34959906,-0.1571169,0.01997057,6.6855996e-09,-1.890758e-09,-0.07662567,0.99705994,0.3570424423365964,0.6773384093011952,0.6773407166334613,0.006155614072362247,0,0.0,256,0,-1,0.4236969,-0.110273294,0.0519627,-2.461756,0.0036366303,2.0130672,0.7855319,0.015999813,0.016000189,0.0,0.0,nan,0,0.0,0.0,nan,0
7.87,final_hold,6.7,0.34959906,-0.1571169,0.01997057,6.1785217e-09,-1.2869296e-09,-0.07662567,0.99705994,0.3570424423365964,0.6773384093011952,0.6773407166334613,0.006155614072362247,0,0.0,256,0,-1,0.4236969,-0.110273294,0.0519627,-2.461756,0.0036366303,2.0130672,0.7855319,0.015999813,0.016000189,0.0,0.0,nan,0,0.0,0.0,nan,0
7.88,final_hold,6.7,0.34959906,-0.1571169,0.019970572,2.1134255e-08,-1.8436683e-08,-0.07662567,0.99705994,0.3570424423365964,0.6773383743242775,0.6773403578213555,0.006155614072362247,0,0.0,256,0,-1,0.4236969,-0.110273294,0.0519627,-2.461756,0.0036366303,2.0130672,0.7855319,0.015999813,0.016000189,0.0,0.0,nan,0,0.0,0.0,nan,0
7.890000000000001,final_hold,6.7,0.34959906,-0.1571169,0.01997057,6.199072e-09,-7.350298e-10,-0.07662567,0.99705994,0.3570424423365964,0.6773384093011952,0.6773407166334613,0.006155614072362247,0,0.0,256,0,-1,0.4236969,-0.110273294,0.0519627,-2.461756,0.0036366303,2.0130672,0.7855319,0.015999813,0.016000189,0.0,0.0,nan,0,0.0,0.0,nan,0
7.9,final_hold,6.7,0.34959906,-0.1571169,0.01997057,3.8668254e-08,-2.222786e-09,-0.07662567,0.99705994,0.3570424423365964,0.67733838363716,0.6773403578213555,0.006155614072362247,0,0.0,256,0,-1,0.4236969,-0.110273294,0.0519627,-2.461756,0.0036366303,2.0130672,0.7855319,0.015999813,0.016000189,0.0,0.0,nan,0,0.0,0.0,nan,0
7.91,final_hold,6.7,0.34959906,-0.1571169,0.019970572,-1.04269e-08,2.3667894e-09,-0.07662567,0.99705994,0.3570424423365964,0.6773384151408924,0.6773407166334613,0.006155614072362247,0,0.0,256,0,-1,0.4236969,-0.110273294,0.0519627,-2.461756,0.0036366303,2.0130672,0.7855319,0.015999813,0.016000189,0.0,0.0,nan,0,0.0,0.0,nan,0
7.92,final_hold,6.7,0.34959906,-0.1571169,0.01997057,3.4565614e-10,-1.3014904e-08,-0.07662567,0.99705994,0.3570424423365964,0.6773383964844946,0.6773407166334613,0.006155614072362247,0,0.0,256,0,-1,0.4236969,-0.110273294,0.0519627,-2.461756,0.0036366303,2.0130672,0.7855319,0.015999813,0.016000189,0.0,0.0,nan,0,0.0,0.0,nan,0
7.930000000000001,final_hold,6.7,0.34959906,-0.1571169,0.01997057,2.9358753e-09,-3.0393394e-08,-0.07662567,0.99705994,0.3570424423365964,0.677338380163975,0.6773403578213555,0.006155614072362247,0,0.0,256,0,-1,0.4236969,-0.110273294,0.0519627,-2.461756,0.0036366303,2.0130672,0.7855319,0.015999813,0.016000189,0.0,0.0,nan,0,0.0,0.0,nan,0
7.94,final_hold,6.7,0.34959906,-0.1571169,0.01997057,6.549697e-09,1.9539865e-08,-0.07662567,0.99705994,0.3570424423365964,0.6773384244537747,0.6773407166334613,0.006155614072362247,0,0.0,256,0,-1,0.4236969,-0.110273294,0.0519627,-2.461756,0.0036366303,2.0130672,0.7855319,0.015999813,0.016000189,0.0,0.0,nan,0,0.0,0.0,nan,0
7.95,final_hold,6.7,0.34959906,-0.1571169,0.01997057,-1.6708633e-08,-2.50126e-08,-0.07662567,0.99705994,0.3570424423365964,0.6773383860036725,0.6773403578213555,0.006155614072362247,0,0.0,256,0,-1,0.4236969,-0.110273294,0.0519627,-2.461756,0.0036366303,2.0130672,0.7855319,0.015999813,0.016000189,0.0,0.0,nan,0,0.0,0.0,nan,0
7.96,final_hold,6.7,0.34959906,-0.1571169,0.01997057,1.5901835e-09,-2.8845514e-08,-0.07662567,0.99705994,0.3570424423365964,0.6773383813319145,0.6773403578213555,0.006155614072362247,0,0.0,256,0,-1,0.4236969,-0.110273294,0.0519627,-2.461756,0.0036366303,2.0130672,0.7855319,0.015999813,0.016000189,0.0,0.0,nan,0,0.0,0.0,nan,0
7.97,final_hold,6.7,0.34959906,-0.1571169,0.01997057,2.1619663e-08,1.907711e-08,-0.07662567,0.99705994,0.3570424423365964,0.677338419782017,0.6773407166334613,0.006155614072362247,0,0.0,256,0,-1,0.4236969,-0.110273294,0.0519627,-2.461756,0.0036366303,2.0130672,0.7855319,0.015999813,0.016000189,0.0,0.0,nan,0,0.0,0.0,nan,0
7.98,final_hold,6.7,0.34959906,-0.1571169,0.01997057,-5.0407594e-09,-2.226539e-09,-0.07662567,0.99705994,0.3570424423365964,0.6773384128050138,0.6773407166334613,0.006155614072362247,0,0.0,256,0,-1,0.4236969,-0.110273294,0.0519627,-2.461756,0.0036366303,2.0130672,0.7855319,0.015999813,0.016000189,0.0,0.0,nan,0,0.0,0.0,nan,0
7.99,final_hold,6.7,0.34959906,-0.1571169,0.01997057,-2.9763369e-08,-9.216645e-09,-0.07662567,0.99705994,0.3570424423365964,0.6773384221485289,0.6773407166334613,0.006155614072362247,0,0.0,256,0,-1,0.4236969,-0.110273294,0.0519627,-2.461756,0.0036366303,2.0130672,0.7855319,0.015999813,0.016000189,0.0,0.0,nan,0,0.0,0.0,nan,0
8.0,final_hold,6.7,0.34959906,-0.1571169,0.01997057,-8.00941e-09,7.392747e-11,-0.07662567,0.99705994,0.3570424423365964,0.677338413972953,0.6773407166334613,0.006155614072362247,0,0.0,256,0,-1,0.4236969,-0.110273294,0.0519627,-2.461756,0.0036366303,2.0130672,0.7855319,0.015999813,0.016000189,0.0,0.0,nan,0,0.0,0.0,nan,0
8.01,final_hold,6.7,0.34959906,-0.1571169,0.01997057,-1.4269189e-08,-8.146356e-09,-0.07662567,0.99705994,0.3570424423365964,0.6773384011562519,0.6773407166334613,0.006155614072362247,0,0.0,256,0,-1,0.4236969,-0.110273294,0.0519627,-2.461756,0.0036366303,2.0130672,0.7855319,0.015999813,0.016000189,0.0,0.0,nan,0,0.0,0.0,nan,0
8.02,final_hold,6.7,0.34959906,-0.1571169,0.01997057,-5.5887966e-10,4.5290123e-09,-0.07662567,0.99705994,0.3570424423365964,0.6773384116370743,0.6773407166334613,0.006155614072362247,0,0.0,256,0,-1,0.4236969,-0.110273294,0.0519627,-2.461756,0.0036366303,2.0130672,0.7855319,0.015999813,0.016000189,0.0,0.0,nan,0,0.0,0.0,nan,0
8.03,final_hold,6.7,0.34959906,-0.1571169,0.01997057,1.950457e-09,7.713437e-09,-0.07662567,0.99705994,0.3570424423365964,0.6773384104691347,0.6773407166334613,0.006155614072362247,0,0.0,256,0,-1,0.4236969,-0.110273294,0.0519627,-2.461756,0.0036366303,2.0130672,0.7855319,0.015999813,0.016000189,0.0,0.0,nan,0,0.0,0.0,nan,0
8.040000000000001,final_hold,6.7,0.34959906,-0.1571169,0.01997057,1.1590255e-09,8.076613e-09,-0.07662567,0.99705994,0.3570424423365964,0.6773384116370743,0.6773407166334613,0.006155614072362247,0,0.0,256,0,-1,0.4236969,-0.110273294,0.0519627,-2.461756,0.0036366303,2.0130672,0.7855319,0.015999813,0.016000189,0.0,0.0,nan,0,0.0,0.0,nan,0
8.05,final_hold,6.7,0.34959906,-0.1571169,0.01997057,3.675942e-10,8.439789e-09,-0.07662567,0.99705994,0.3570424423365964,0.6773384104691347,0.6773407166334613,0.006155614072362247,0,0.0,256,0,-1,0.4236969,-0.110273294,0.0519627,-2.461756,0.0036366303,2.0130672,0.7855319,0.015999813,0.016000189,0.0,0.0,nan,0,0.0,0.0,nan,0
8.06,final_hold,6.7,0.34959906,-0.1571169,0.01997057,2.1391722e-08,9.2155417e-10,-0.07662567,0.99705994,0.3570424423365964,0.677338388308918,0.6773403578213555,0.006155614072362247,0,0.0,256,0,-1,0.4236969,-0.110273294,0.0519627,-2.461756,0.0036366303,2.0130672,0.7855319,0.015999813,0.016000189,0.0,0.0,nan,0,0.0,0.0,nan,0
8.07,final_hold,6.7,0.34959906,-0.1571169,0.01997057,9.9578665e-09,-1.7155851e-09,-0.07662567,0.99705994,0.3570424423365964,0.6773383918127366,0.6773403578213555,0.006155614072362247,0,0.0,256,0,-1,0.4236969,-0.110273294,0.0519627,-2.461756,0.0036366303,2.0130672,0.7855319,0.015999813,0.016000189,0.0,0.0,nan,0,0.0,0.0,nan,0
8.08,final_hold,6.7,0.34959906,-0.1571169,0.01997057,2.2633088e-08,-1.631124e-08,-0.07662567,0.99705994,0.3570424423365964,0.6773383731563377,0.6773403578213555,0.006155614072362247,0,0.0,256,0,-1,0.4236969,-0.110273294,0.0519627,-2.461756,0.0036366303,2.0130672,0.7855319,0.015999813,0.016000189,0.0,0.0,nan,0,0.0,0.0,nan,0
8.09,final_hold,6.7,0.34959906,-0.1571169,0.01997057,7.6261735e-09,1.4991215e-09,-0.07662567,0.99705994,0.3570424423365964,0.6773384093011952,0.6773407166334613,0.006155614072362247,0,0.0,256,0,-1,0.4236969,-0.110273294,0.0519627,-2.461756,0.0036366303,2.0130672,0.7855319,0.015999813,0.016000189,0.0,0.0,nan,0,0.0,0.0,nan,0
8.1,final_hold,6.7,0.34959906,-0.1571169,0.01997057,-8.218821e-09,-1.0534139e-08,-0.07662567,0.99705994,0.3570424423365964,0.6773383988203732,0.6773407166334613,0.006155614072362247,0,0.0,256,0,-1,0.4236969,-0.110273294,0.0519627,-2.461756,0.0036366303,2.0130672,0.7855319,0.015999813,0.016000189,0.0,0.0,nan,0,0.0,0.0,nan,0
8.11,final_hold,6.7,0.34959906,-0.1571169,0.01997057,1.0312344e-08,-8.158211e-09,-0.07662567,0.99705994,0.3570424423365964,0.6773383929806758,0.6773403578213555,0.006155614072362247,0,0.0,256,0,-1,0.4236969,-0.110273294,0.0519627,-2.461756,0.0036366303,2.0130672,0.7855319,0.015999813,0.016000189,0.0,0.0,nan,0,0.0,0.0,nan,0
8.120000000000001,final_hold,6.7,0.34959906,-0.1571169,0.019970572,9.573183e-09,1.6510803e-08,-0.07662567,0.99705994,0.3570424423365964,0.6773384244537747,0.6773407166334613,0.006155614072362247,0,0.0,256,0,-1,0.4236969,-0.110273294,0.0519627,-2.461756,0.0036366303,2.0130672,0.7855319,0.015999813,0.016000189,0.0,0.0,nan,0,0.0,0.0,nan,0
8.13,final_hold,6.7,0.34959906,-0.1571169,0.01997057,-3.5518106e-08,-8.3267204e-10,-0.07662567,0.99705994,0.3570424423365964,0.6773384221485289,0.6773407166334613,0.006155614072362247,0,0.0,256,0,-1,0.4236969,-0.110273294,0.0519627,-2.461756,0.0036366303,2.0130672,0.7855319,0.015999813,0.016000189,0.0,0.0,nan,0,0.0,0.0,nan,0
8.14,final_hold,6.7,0.34959906,-0.1571169,0.01997057,2.462414e-09,-2.7521159e-08,-0.07662567,0.99705994,0.3570424423365964,0.677338380163975,0.6773403578213555,0.006155614072362247,0,0.0,256,0,-1,0.4236969,-0.110273294,0.0519627,-2.461756,0.0036366303,2.0130672,0.7855319,0.015999813,0.016000189,0.0,0.0,nan,0,0.0,0.0,nan,0
8.15,final_hold,6.7,0.34959906,-0.1571169,0.01997057,-2.708272e-08,7.526432e-09,-0.07662567,0.99705994,0.3570424423365964,0.6773384361331687,0.6773407166334613,0.006155614072362247,0,0.0,256,0,-1,0.4236969,-0.110273294,0.0519627,-2.461756,0.0036366303,2.0130672,0.7855319,0.015999813,0.016000189,0.0,0.0,nan,0,0.0,0.0,nan,0
8.16,final_hold,6.7,0.34959906,-0.1571169,0.01997057,-7.1980235e-09,-3.5658252e-09,-0.07662567,0.99705994,0.3570424423365964,0.677338413972953,0.6773407166334613,0.006155614072362247,0,0.0,256,0,-1,0.4236969,-0.110273294,0.0519627,-2.461756,0.0036366303,2.0130672,0.7855319,0.015999813,0.016000189,0.0,0.0,nan,0,0.0,0.0,nan,0
8.17,final_hold,6.7,0.34959906,-0.1571169,0.01997057,-2.319026e-08,-1.6884869e-08,-0.07662567,0.99705994,0.3570424423365964,0.6773384034921309,0.6773407166334613,0.006155614072362247,0,0.0,256,0,-1,0.4236969,-0.110273294,0.0519627,-2.461756,0.0036366303,2.0130672,0.7855319,0.015999813,0.016000189,0.0,0.0,nan,0,0.0,0.0,nan,0
8.18,final_hold,6.7,0.34959906,-0.1571169,0.019970572,-1.4741588e-08,-8.689307e-09,-0.07662567,0.99705994,0.3570424423365964,0.6773384011562519,0.6773407166334613,0.006155614072362247,0,0.0,256,0,-1,0.4236969,-0.110273294,0.0519627,-2.461756,0.0036366303,2.0130672,0.7855319,0.015999813,0.016000189,0.0,0.0,nan,0,0.0,0.0,nan,0
8.19,final_hold,6.7,0.34959906,-0.1571169,0.01997057,5.100966e-09,3.966657e-08,-0.07662567,0.99705994,0.3570424423365964,0.6773384407742934,0.6773407166334613,0.006155614072362247,0,0.0,256,0,-1,0.4236969,-0.110273294,0.0519627,-2.461756,0.0036366303,2.0130672,0.7855319,0.015999813,0.016000189,0.0,0.0,nan,0,0.0,0.0,nan,0
