time_s,phase,source_time_s,cube_x_m,cube_y_m,cube_z_m,cube_qw,relative_slip_m,orientation_drift_rad,raw_orientation_drift_rad,arm_q_error_rad,torque_norm_Nm,torque_saturated,penetration_m,contacts_total,left_Fn_N,left_Ft_N,left_rho,left_points,right_Fn_N,right_Ft_N,right_rho,right_points
0.001,approach,0.0,0.35,-0.15,0.019999734864864865,0.0,0.0,0.0,0.0,0.0,34.76283739804346,0,3.469446951953614e-18,4,0.0,0.0,nan,0,0.0,0.0,nan,0
0.011000000000000003,approach,0.010000000000000002,0.35,-0.15,0.01999668137724134,0.0,0.0,0.0,0.0,0.0,34.76283739804346,0,3.148241971258721e-06,4,0.0,0.0,nan,0,0.0,0.0,nan,0
0.02100000000000001,approach,0.02000000000000001,0.35,-0.15,0.019995861041781082,0.0,0.0,0.0,0.0,0.0,34.76283739804346,0,4.100957673955789e-06,4,0.0,0.0,nan,0,0.0,0.0,nan,0
0.03100000000000002,approach,0.03000000000000002,0.35,-0.15,0.01999567943999791,1.3391291282800237e-35,0.0,0.0,0.0,0.0,34.76283739804346,0,4.312169812401553e-06,4,0.0,0.0,nan,0,0.0,0.0,nan,0
0.04100000000000003,approach,0.04000000000000003,0.35,-0.15,0.019995639348651464,-2.8995235823696193e-34,0.0,0.0,0.0,0.0,34.76283739804346,0,4.3587991666890455e-06,4,0.0,0.0,nan,0,0.0,0.0,nan,0
0.05100000000000004,approach,0.05000000000000004,0.35,-0.15,0.019995630498280514,-5.048248801729895e-34,0.0,0.0,0.0,0.0,34.76283739804346,0,4.369092841247603e-06,4,0.0,0.0,nan,0,0.0,0.0,nan,0
0.06100000000000005,approach,0.060000000000000046,0.35,-0.15,0.019995628544517922,-1.0330284183191605e-33,0.0,0.0,0.0,0.0,34.76283739804346,0,4.371365220220075e-06,4,0.0,0.0,nan,0,0.0,0.0,nan,0
0.07100000000000005,approach,0.07000000000000005,0.35,-0.15,0.019995628113215345,-8.482385570941007e-34,0.0,0.0,0.0,0.0,34.76283739804346,0,4.371866858915964e-06,4,0.0,0.0,nan,0,0.0,0.0,nan,0
0.08100000000000006,approach,0.08000000000000006,0.35,-0.15,0.01999562801800321,-1.3209352948248705e-33,0.0,0.0,0.0,0.0,34.76283739804346,0,4.371977598083792e-06,4,0.0,0.0,nan,0,0.0,0.0,nan,0
0.09100000000000007,approach,0.09000000000000007,0.35,-0.15,0.019995627996984674,-1.6944465749329e-33,0.0,0.0,0.0,0.0,34.76283739804346,0,4.372002044292725e-06,4,0.0,0.0,nan,0,0.0,0.0,nan,0
0.10100000000000008,approach,0.10000000000000007,0.35,-0.15,0.019995627992344733,-1.4371138062336957e-33,0.0,0.0,0.0,0.0,34.76283739804346,0,4.372007440906465e-06,4,0.0,0.0,nan,0,0.0,0.0,nan,0
0.11100000000000008,approach,0.11000000000000008,0.35,-0.15,0.019995627991320437,-8.80749178297901e-34,0.0,0.0,0.0,0.0,34.76283739804346,0,4.372008632245177e-06,4,0.0,0.0,nan,0,0.0,0.0,nan,0
0.1210000000000001,approach,0.12000000000000009,0.35,-0.15,0.019995627991094323,-8.767788898306438e-34,0.0,0.0,0.0,0.0,34.76283739804346,0,4.3720088952292e-06,4,0.0,0.0,nan,0,0.0,0.0,nan,0
0.1310000000000001,approach,0.1300000000000001,0.35,-0.15,0.019995627991044405,-9.390333501133989e-34,0.0,0.0,0.0,0.0,34.76283739804346,0,4.372008953286955e-06,4,0.0,0.0,nan,0,0.0,0.0,nan,0
0.1410000000000001,approach,0.1400000000000001,0.35,-0.15,0.019995627991033382,-1.0451637880335186e-33,0.0,0.0,0.0,0.0,34.76283739804346,0,4.3720089661100604e-06,4,0.0,0.0,nan,0,0.0,0.0,nan,0
0.1510000000000001,approach,0.1500000000000001,0.35,-0.15,0.019995627991030662,7.158944230826076e-33,0.0,0.0,0.0,0.0,34.76283739804346,0,4.372008969260398e-06,4,0.0,0.0,nan,0,0.0,0.0,nan,0
0.16100000000000012,approach,0.16000000000000011,0.35,-0.15,0.019995627991029906,-2.707991998362154e-32,0.0,0.0,0.0,0.0,34.76283739804346,0,4.372008970107502e-06,4,0.0,0.0,nan,0,0.0,0.0,nan,0
0.17100000000000012,approach,0.17000000000000012,0.35,-0.15,0.019995627991029594,-2.425801513723985e-31,0.0,0.0,0.0,0.0,34.76283739804346,0,4.372008970419954e-06,4,0.0,0.0,nan,0,0.0,0.0,nan,0
0.18100000000000013,approach,0.18000000000000013,0.35,-0.15,0.019995627991029687,5.173604345088498e-30,0.0,0.0,0.0,0.0,34.76283739804346,0,4.372008970233881e-06,4,0.0,0.0,nan,0,0.0,0.0,nan,0
0.19100000000000014,approach,0.19000000000000014,0.35,-0.14999999999999983,0.019995627991029774,-3.391170361722775e-29,0.0,0.0,0.0,0.0,34.76283739804346,0,4.372008970464231e-06,4,0.0,0.0,nan,0,0.0,0.0,nan,0
0.20100000000000015,approach,0.20000000000000015,0.3499999999999999,-0.1499999999999989,0.019995627991029802,-1.35964254093668e-28,0.0,0.0,0.0,0.0,34.76283739804346,0,4.372008971408316e-06,4,0.0,0.0,nan,0,0.0,0.0,nan,0
0.21100000000000016,approach,0.21000000000000016,0.3499999999999998,-0.14999999999999739,0.019995627991030114,-2.687281200439967e-28,0.0,0.0,0.0,0.0,34.76283739804346,0,4.372008971039579e-06,4,0.0,0.0,nan,0,0.0,0.0,nan,0
0.22100000000000017,approach,0.22000000000000017,0.3499999999999994,-0.14999999999999533,0.019995627991030242,-1.3560334423830632e-27,0.0,0.0,0.0,0.0,34.76283739804346,0,4.372008971555228e-06,4,0.0,0.0,nan,0,0.0,0.0,nan,0
0.23100000000000018,approach,0.23000000000000018,0.34999999999999903,-0.14999999999999333,0.019995627991030277,-1.4336107677403612e-27,0.0,0.0,0.0,0.0,34.76283739804346,0,4.372008971237426e-06,4,0.0,0.0,nan,0,0.0,0.0,nan,0
0.2410000000000002,approach,0.24000000000000019,0.34999999999999865,-0.14999999999999106,0.019995627991030263,-9.876384581123587e-28,0.0,0.0,0.0,0.0,34.76283739804346,0,4.372008971518497e-06,4,0.0,0.0,nan,0,0.0,0.0,nan,0
0.25100000000000017,approach,0.25000000000000017,0.34999999999999815,-0.1499999999999889,0.019995627991030263,-7.7358926081854925e-28,0.0,0.0,0.0,0.0,34.76283739804346,0,4.372008971542879e-06,4,0.0,0.0,nan,0,0.0,0.0,nan,0
0.2610000000000002,approach,0.2600000000000002,0.3499999999999977,-0.14999999999998656,0.019995627991030263,6.58269239155076e-29,0.0,0.0,0.0,0.0,34.76283739804346,0,4.3720089710258805e-06,4,0.0,0.0,nan,0,0.0,0.0,nan,0
0.2710000000000002,approach,0.2700000000000002,0.3499999999999972,-0.14999999999998415,0.019995627991030263,6.752067234509139e-28,0.0,0.0,0.0,0.0,34.76283739804346,0,4.372008971804246e-06,4,0.0,0.0,nan,0,0.0,0.0,nan,0
0.2810000000000002,approach,0.2800000000000002,0.3499999999999967,-0.14999999999998187,0.019995627991030263,8.576428538556771e-28,0.0,0.0,0.0,0.0,34.76283739804346,0,4.372008971299361e-06,4,0.0,0.0,nan,0,0.0,0.0,nan,0
0.2910000000000002,approach,0.2900000000000002,0.34999999999999615,-0.1499999999999792,0.019995627991030263,1.0249605037440398e-27,0.0,0.0,0.0,0.0,34.76283739804346,0,4.372008971978069e-06,4,0.0,0.0,nan,0,0.0,0.0,nan,0
0.3010000000000002,approach,0.3000000000000002,0.3499999999999956,-0.1499999999999767,0.019995627991030263,1.4045642967568269e-27,0.0,0.0,0.0,0.0,34.76283739804346,0,4.372008971609243e-06,4,0.0,0.0,nan,0,0.0,0.0,nan,0
0.3110000000000002,approach,0.3100000000000002,0.34999999999999504,-0.14999999999997393,0.019995627991030263,2.4163673310255344e-27,0.0,0.0,0.0,0.0,34.76283739804346,0,4.372008971916133e-06,4,0.0,0.0,nan,0,0.0,0.0,nan,0
0.32100000000000023,approach,0.32000000000000023,0.3499999999999945,-0.14999999999997124,0.019995627991030263,2.4077481262737283e-27,0.0,0.0,0.0,0.0,34.76283739804346,0,4.37200897194269e-06,4,0.0,0.0,nan,0,0.0,0.0,nan,0
0.33100000000000024,approach,0.33000000000000024,0.3499999999999939,-0.1499999999999684,0.019995627991030263,1.377403924402064e-27,0.0,0.0,0.0,0.0,34.76283739804346,0,4.372008971310406e-06,4,0.0,0.0,nan,0,0.0,0.0,nan,0
0.34100000000000025,approach,0.34000000000000025,0.34999999999999337,-0.14999999999996547,0.019995627991030263,4.3150728512773245e-28,0.0,0.0,0.0,0.0,34.76283739804346,0,4.372008972260929e-06,4,0.0,0.0,nan,0,0.0,0.0,nan,0
0.35100000000000026,approach,0.35000000000000026,0.3499999999999928,-0.1499999999999627,0.019995627991030263,3.519319160942477e-28,0.0,0.0,0.0,0.0,34.76283739804346,0,4.372008971644773e-06,4,0.0,0.0,nan,0,0.0,0.0,nan,0
0.36100000000000027,approach,0.36000000000000026,0.34999999999999226,-0.1499999999999594,0.019995627991030263,5.0085255946458575e-28,0.0,0.0,0.0,0.0,34.76283739804346,0,4.372008972474258e-06,4,0.0,0.0,nan,0,0.0,0.0,nan,0
0.3710000000000003,approach,0.3700000000000003,0.3499999999999917,-0.14999999999995633,0.019995627991030263,-6.233401311789124e-28,0.0,0.0,0.0,0.0,34.76283739804346,0,4.372008972023805e-06,4,0.0,0.0,nan,0,0.0,0.0,nan,0
0.3810000000000003,approach,0.3800000000000003,0.34999999999999115,-0.14999999999995295,0.019995627991030263,-2.4390889746248833e-27,0.0,0.0,0.0,0.0,34.76283739804346,0,4.372008972399208e-06,4,0.0,0.0,nan,0,0.0,0.0,nan,0
0.3910000000000003,approach,0.3900000000000003,0.3499999999999906,-0.14999999999994967,0.019995627991030263,-3.262764744688223e-27,0.0,0.0,0.0,0.0,34.76283739804346,0,4.372008972431845e-06,4,0.0,0.0,nan,0,0.0,0.0,nan,0
0.4010000000000003,approach,0.4000000000000003,0.3499999999999901,-0.14999999999994715,0.019995627991030263,-3.848719235890426e-27,0.0,0.0,0.0,8.189362787693331e-17,34.7628373980435,0,4.3720089709915655e-06,4,0.0,0.0,nan,0,0.0,0.0,nan,0
0.4110000000000003,approach,0.4100000000000003,0.34999999999998954,-0.14999999999994432,0.019995627991030263,-5.699869257354869e-27,0.0,0.0,0.0,0.004115356902318059,34.94796043210824,0,4.372008972309634e-06,4,0.0,0.0,nan,0,0.0,0.0,nan,0
0.4210000000000003,approach,0.4200000000000003,0.349999999999989,-0.1499999999999414,0.019995627991030263,-6.880160571989061e-27,0.0,0.0,0.0,0.008190294398498412,35.066181047627154,0,4.372008971759981e-06,4,0.0,0.0,nan,0,0.0,0.0,nan,0
0.4310000000000003,approach,0.4300000000000003,0.34999999999998843,-0.1499999999999379,0.019995627991030263,-8.405386145825135e-27,0.0,0.0,0.0,0.012194966697416055,35.16690428466162,0,4.372008972693575e-06,4,0.0,0.0,nan,0,0.0,0.0,nan,0
0.44100000000000034,approach,0.44000000000000034,0.3499999999999879,-0.14999999999993535,0.019995627991030263,-9.191202689301212e-27,0.0,0.0,0.0,0.01610562970635564,35.24522465697646,0,4.372008971344099e-06,4,0.0,0.0,nan,0,0.0,0.0,nan,0
0.45100000000000035,approach,0.45000000000000034,0.3499999999999874,-0.14999999999993252,0.019995627991030263,-1.1433745939855575e-26,0.0,0.0,0.0,0.019903741862154156,35.30227525996874,0,4.372008972098801e-06,4,0.0,0.0,nan,0,0.0,0.0,nan,0
0.46100000000000035,approach,0.46000000000000035,0.3499999999999868,-0.1499999999999295,0.019995627991030263,-1.3016474994358982e-26,0.0,0.0,0.0,0.0235751818993461,35.34145020625679,0,4.372008972273724e-06,4,0.0,0.0,nan,0,0.0,0.0,nan,0
0.47100000000000036,approach,0.47000000000000036,0.34999999999998627,-0.14999999999992622,0.019995627991030263,-1.406973885467681e-26,0.0,0.0,0.0,0.027109569313070566,35.36472162597762,0,4.3720089715742945e-06,4,0.0,0.0,nan,0,0.0,0.0,nan,0
0.48100000000000037,approach,0.48000000000000037,0.3499999999999857,-0.14999999999992333,0.019995627991030263,-1.4581933417959922e-26,0.0,0.0,0.0,0.03049967494128249,35.373979442705206,0,4.372008971629118e-06,4,0.0,0.0,nan,0,0.0,0.0,nan,0
0.4910000000000004,approach,0.4900000000000004,0.3499999999999852,-0.14999999999992086,0.019995627991030263,-1.4937456853006795e-26,0.0,0.0,0.0,0.03374091056761799,35.371105362284936,0,4.372008971483341e-06,4,0.0,0.0,nan,0,0.0,0.0,nan,0
0.5010000000000003,approach,0.5000000000000003,0.34999999999998466,-0.14999999999991764,0.019995627991030263,-1.6155550983921738e-26,0.0,0.0,0.0,0.03683088775434381,35.3577329266179,0,4.3720089725243665e-06,4,0.0,0.0,nan,0,0.0,0.0,nan,0
0.5110000000000003,approach,0.5100000000000003,0.3499999999999841,-0.14999999999991454,0.019995627991030263,-1.7455918827715597e-26,0.0,0.0,0.0,0.039769037273103894,35.33518229086132,0,4.372008972110873e-06,4,0.0,0.0,nan,0,0.0,0.0,nan,0
0.5210000000000004,approach,0.5200000000000004,0.34999999999998355,-0.14999999999991137,0.019995627991030263,-1.8495325750479232e-26,0.0,0.0,0.0,0.042556281526462354,35.304770735080716,0,4.372008971381625e-06,4,0.0,0.0,nan,0,0.0,0.0,nan,0
0.5310000000000004,approach,0.5300000000000004,0.34999999999998305,-0.14999999999990885,0.019995627991030263,-1.9559330418449157e-26,0.0,0.0,0.0,0.04519475326047451,35.267668462524476,0,4.372008971916531e-06,4,0.0,0.0,nan,0,0.0,0.0,nan,0
0.5410000000000004,approach,0.5400000000000004,0.3499999999999825,-0.14999999999990588,0.019995627991030263,-2.0463294911064835e-26,0.0,0.0,0.0,0.04768755467107942,35.22490685841875,0,4.372008971432139e-06,4,0.0,0.0,nan,0,0.0,0.0,nan,0
0.5510000000000004,approach,0.5500000000000004,0.34999999999998194,-0.14999999999990263,0.019995627991030263,-2.0102490910599138e-26,0.0,0.0,0.0,0.05003855171665979,35.17738874557689,0,4.3720089725804545e-06,4,0.0,0.0,nan,0,0.0,0.0,nan,0
0.5610000000000004,approach,0.5600000000000004,0.3499999999999814,-0.14999999999989946,0.019995627991030263,-1.9870969271933313e-26,0.0,0.0,0.0,0.052252199076384856,35.12589960437169,0,4.372008971900573e-06,4,0.0,0.0,nan,0,0.0,0.0,nan,0
0.5710000000000004,approach,0.5700000000000004,0.3499999999999809,-0.14999999999989688,0.019995627991030263,-1.975534137721541e-26,0.0,0.0,0.0,0.05433339174806745,35.07111904725073,0,4.372008972091819e-06,4,0.0,0.0,nan,0,0.0,0.0,nan,0
0.5810000000000004,approach,0.5800000000000004,0.3499999999999803,-0.1499999999998941,0.019995627991030263,-2.0179997140593335e-26,0.0,0.0,0.0,0.05628733976868249,35.013632071890235,0,4.37200897192458e-06,4,0.0,0.0,nan,0,0.0,0.0,nan,0
0.5910000000000004,approach,0.5900000000000004,0.34999999999997977,-0.14999999999989078,0.019995627991030263,-2.0999005973308914e-26,0.0,0.0,0.0,0.05811946297269591,34.95393978615993,0,4.37200897239704e-06,4,0.0,0.0,nan,0,0.0,0.0,nan,0
0.6010000000000004,approach,0.6000000000000004,0.3499999999999792,-0.1499999999998881,0.019995627991030263,-2.1381591194571814e-26,0.0,0.0,0.0,0.05983530308455374,34.89246941951146,0,4.372008971490014e-06,4,0.0,0.0,nan,0,0.0,0.0,nan,0
0.6110000000000004,approach,0.6100000000000004,0.3499999999999787,-0.14999999999988542,0.019995627991030263,-2.1939774362960634e-26,0.0,0.0,0.0,0.06144045077781095,34.82958352177477,0,4.372008971254174e-06,4,0.0,0.0,nan,0,0.0,0.0,nan,0
0.6210000000000004,approach,0.6200000000000004,0.34999999999997816,-0.14999999999988234,0.019995627991030263,-2.3802878715356366e-26,0.0,0.0,0.0,0.06294048562970052,34.765588310838275,0,4.372008972450943e-06,4,0.0,0.0,nan,0,0.0,0.0,nan,0
0.6310000000000004,approach,0.6300000000000004,0.3499999999999776,-0.1499999999998793,0.019995627991030263,-2.5187248354078162e-26,0.0,0.0,0.0,0.06434092716097478,34.70074117213409,0,4.372008971822991e-06,4,0.0,0.0,nan,0,0.0,0.0,nan,0
0.6410000000000005,approach,0.6400000000000005,0.34999999999997705,-0.14999999999987615,0.019995627991030263,-2.6898119351986797e-26,0.0,0.0,0.0,0.06564719538065959,34.63525734031452,0,4.372008971616473e-06,4,0.0,0.0,nan,0,0.0,0.0,nan,0
0.6510000000000005,approach,0.6500000000000005,0.34999999999997655,-0.14999999999987368,0.019995627991030263,-2.727012836859527e-26,0.0,0.0,0.0,0.06686457945760188,34.56931581077995,0,4.37200897169251e-06,4,0.0,0.0,nan,0,0.0,0.0,nan,0
0.6610000000000005,approach,0.6600000000000005,0.349999999999976,-0.14999999999987057,0.019995627991030263,-2.879475778150972e-26,0.0,0.0,0.0,0.06799821331850373,34.503064538637446,0,4.372008972259844e-06,4,0.0,0.0,nan,0,0.0,0.0,nan,0
0.6710000000000005,approach,0.6700000000000005,0.34999999999997544,-0.14999999999986743,0.019995627991030263,-2.9347535201023786e-26,0.0,0.0,0.0,0.06905305712841925,34.43662498735773,0,4.3720089723551674e-06,4,0.0,0.0,nan,0,0.0,0.0,nan,0
0.6810000000000005,approach,0.6800000000000005,0.3499999999999749,-0.14999999999986435,0.019995627991030263,-2.948457433635318e-26,0.0,0.0,0.0,0.07003388374689966,34.37009609043729,0,4.3720089716164785e-06,4,0.0,0.0,nan,0,0.0,0.0,nan,0
0.6910000000000005,approach,0.6900000000000005,0.3499999999999744,-0.14999999999986174,0.019995627991030263,-2.916371083465754e-26,0.0,0.0,0.0,0.0709452693733799,34.30355768794244,0,4.372008972053513e-06,4,0.0,0.0,nan,0,0.0,0.0,nan,0
0.7010000000000005,approach,0.7000000000000005,0.34999999999997383,-0.14999999999985902,0.019995627991030263,-2.872683009356927e-26,0.0,0.0,0.0,0.07179158770098489,34.237073496779395,0,4.372008971658764e-06,4,0.0,0.0,nan,0,0.0,0.0,nan,0
0.7110000000000005,approach,0.7100000000000005,0.3499999999999733,-0.14999999999985564,0.019995627991030263,-2.5204652133454944e-26,0.0,0.0,0.0,0.0725770069903934,34.17069366953425,0,4.372008972620707e-06,4,0.0,0.0,nan,0,0.0,0.0,nan,0
0.7210000000000005,approach,0.7200000000000005,0.3499999999999727,-0.14999999999985242,0.019995627991030263,-2.3834923293420776e-26,0.0,0.0,0.0,0.07330548955634755,34.10445699221632,0,4.372008972165215e-06,4,0.0,0.0,nan,0,0.0,0.0,nan,0
0.7310000000000005,approach,0.7300000000000005,0.3499999999999722,-0.14999999999984986,0.019995627991030263,-2.326058873620633e-26,0.0,0.0,0.0,0.0739807932301717,34.03839276653793,0,4.372008971812646e-06,4,0.0,0.0,nan,0,0.0,0.0,nan,0
0.7410000000000005,approach,0.7400000000000005,0.34999999999997167,-0.14999999999984706,0.019995627991030263,-2.3150994356707487e-26,0.0,0.0,0.0,0.0746064744234624,33.97252241769878,0,4.372008972144188e-06,4,0.0,0.0,nan,0,0.0,0.0,nan,0
0.7510000000000006,approach,0.7500000000000006,0.3499999999999711,-0.1499999999998439,0.019995627991030263,-2.1578967024725765e-26,0.0,0.0,0.0,0.07518589247206195,33.90686086415723,0,4.372008971518495e-06,4,0.0,0.0,nan,0,0.0,0.0,nan,0
0.7610000000000006,approach,0.7600000000000006,0.34999999999997056,-0.14999999999984057,0.019995627991030263,-2.0537012450781347e-26,0.0,0.0,0.0,0.07572221498641907,33.841417681658996,0,4.372008972648163e-06,4,0.0,0.0,nan,0,0.0,0.0,nan,0
0.7710000000000006,approach,0.7700000000000006,0.34999999999997006,-0.14999999999983815,0.019995627991030263,-2.0418534187249018e-26,0.0,0.0,0.0,0.07621842397534885,33.77619808990404,0,4.372008971173219e-06,4,0.0,0.0,nan,0,0.0,0.0,nan,0
0.7810000000000006,approach,0.7800000000000006,0.3499999999999695,-0.14999999999983515,0.019995627991030263,-1.9698306472428514e-26,0.0,0.0,0.0,0.07667732254574883,33.71120378669846,0,4.372008972367356e-06,4,0.0,0.0,nan,0,0.0,0.0,nan,0
0.7910000000000006,approach,0.7900000000000006,0.34999999999996895,-0.14999999999983218,0.019995627991030263,-1.9515809958831184e-26,0.0,0.0,0.0,0.07710154201169393,33.646433651244756,0,4.372008972037149e-06,4,0.0,0.0,nan,0,0.0,0.0,nan,0
0.8010000000000006,approach,0.8000000000000006,0.3499999999999684,-0.14999999999982874,0.019995627991030263,-1.815077905996029e-26,0.0,0.0,0.0,0.07749354927305128,33.581884335384764,0,4.372008972462087e-06,4,0.0,0.0,nan,0,0.0,0.0,nan,0
0.8110000000000006,approach,0.8100000000000006,0.34999999999996784,-0.14999999999982605,0.019995627991030263,-1.7342081219855674e-26,0.0,0.0,0.0,0.07785565434688639,33.517550759084635,0,4.372008971521518e-06,4,0.0,0.0,nan,0,0.0,0.0,nan,0
0.8210000000000006,approach,0.8200000000000006,0.34999999999996734,-0.14999999999982333,0.019995627991030263,-1.5635259670834585e-26,0.0,0.0,0.0,0.0781900179548792,33.453426524233926,0,4.372008971275961e-06,4,0.0,0.0,nan,0,0.0,0.0,nan,0
0.8310000000000006,approach,0.8300000000000006,0.3499999999999668,-0.14999999999982022,0.019995627991030263,-1.3181219580675367e-26,0.0,0.0,0.0,0.0784986590871722,33.389504258884564,0,4.372008972486205e-06,4,0.0,0.0,nan,0,0.0,0.0,nan,0
0.8410000000000006,approach,0.8400000000000006,0.3499999999999662,-0.14999999999981714,0.019995627991030263,-1.1501691815485169e-26,0.0,0.0,0.0,0.07878346247783025,33.32577590235845,0,4.372008971849975e-06,4,0.0,0.0,nan,0,0.0,0.0,nan,0
0.8510000000000006,approach,0.8500000000000006,0.3499999999999657,-0.14999999999981456,0.019995627991030263,-9.214595035739025e-27,0.0,0.0,0.0,0.07904618593977088,33.26223294017611,0,4.3720089720493225e-06,4,0.0,0.0,nan,0,0.0,0.0,nan,0
0.8610000000000007,approach,0.8600000000000007,0.3499999999999652,-0.1499999999998118,0.019995627991030263,-8.568799244694761e-27,0.0,0.0,0.0,0.07928846751783553,33.198866596482944,0,4.372008971887794e-06,4,0.0,0.0,nan,0,0.0,0.0,nan,0
0.8710000000000007,approach,0.8700000000000007,0.3499999999999646,-0.14999999999980854,0.019995627991030263,-7.711492141220173e-27,0.0,0.0,0.0,0.0795118324279051,33.13566799054034,0,4.372008972352498e-06,4,0.0,0.0,nan,0,0.0,0.0,nan,0
0.8810000000000007,approach,0.8800000000000007,0.34999999999996406,-0.1499999999998053,0.019995627991030263,-7.630348878949268e-27,0.0,0.0,0.0,0.07971769975777404,33.072628262901354,0,4.372008972412049e-06,4,0.0,0.0,nan,0,0.0,0.0,nan,0
0.8910000000000007,approach,0.8900000000000007,0.34999999999996356,-0.14999999999980276,0.019995627991030263,-7.491833328365503e-27,0.0,0.0,0.0,0.07990738891213708,33.00973867606369,0,4.372008970984915e-06,4,0.0,0.0,nan,0,0.0,0.0,nan,0
0.9010000000000007,approach,0.9000000000000007,0.349999999999963,-0.14999999999979993,0.019995627991030263,-7.672193786295741e-27,0.0,0.0,0.0,0.08008212578958984,32.946990693694474,0,4.372008972301708e-06,4,0.0,0.0,nan,0,0.0,0.0,nan,0
0.9110000000000007,approach,0.9100000000000007,0.34999999999996245,-0.14999999999979702,0.019995627991030263,-8.365900343236498e-27,0.0,0.0,0.0,0.08024304868421808,32.884376041910606,0,4.372008971753993e-06,4,0.0,0.0,nan,0,0.0,0.0,nan,0
0.9210000000000007,approach,0.9200000000000007,0.3499999999999619,-0.14999999999979352,0.019995627991030263,-7.052021679052292e-27,0.0,0.0,0.0,0.08039121390822576,32.8218867555828,0,4.372008972685888e-06,4,0.0,0.0,nan,0,0.0,0.0,nan,0
0.9310000000000007,approach,0.9300000000000007,0.34999999999996134,-0.14999999999979097,0.019995627991030263,-6.604238506598225e-27,0.0,0.0,0.0,0.08052760113524444,32.75951521218586,0,4.37200897133997e-06,4,0.0,0.0,nan,0,0.0,0.0,nan,0
0.9410000000000007,approach,0.9400000000000007,0.34999999999996084,-0.14999999999978814,0.019995627991030263,-6.622416543425223e-27,0.0,0.0,0.0,0.08065311846658677,32.69725415533839,0,4.372008972093106e-06,4,0.0,0.0,nan,0,0.0,0.0,nan,0
0.9510000000000007,approach,0.9500000000000007,0.3499999999999603,-0.1499999999997851,0.019995627991030263,-5.882041517300327e-27,0.0,0.0,0.0,0.08076860722482809,32.635096709848305,0,4.372008972267724e-06,4,0.0,0.0,nan,0,0.0,0.0,nan,0
0.9610000000000007,approach,0.9600000000000007,0.34999999999995973,-0.14999999999978184,0.019995627991030263,-4.107248592473268e-27,0.0,0.0,0.0,0.08087484648078858,32.573036389804095,0,4.3720089715698425e-06,4,0.0,0.0,nan,0,0.0,0.0,nan,0
0.9710000000000008,approach,0.9700000000000008,0.3499999999999592,-0.14999999999977895,0.019995627991030263,-2.1534697088191705e-27,0.0,0.0,0.0,0.08097255732131105,32.51106710101302,0,4.372008971624049e-06,4,0.0,0.0,nan,0,0.0,0.0,nan,0
0.9810000000000008,approach,0.9800000000000008,0.3499999999999587,-0.14999999999977648,0.019995627991030263,1.3657925196964888e-28,0.0,0.0,0.0,0.08106240686625113,32.44918313888513,0,4.372008971478226e-06,4,0.0,0.0,nan,0,0.0,0.0,nan,0
0.9910000000000008,approach,0.9900000000000008,0.3499999999999581,-0.14999999999977326,0.019995627991030263,2.889668070065974e-27,0.0,0.0,0.0,0.08114501204383769,32.38737918269088,0,4.372008972516829e-06,4,0.0,0.0,nan,0,0.0,0.0,nan,0
1.0010000000000006,approach,1.0000000000000007,0.34999999999995757,-0.14999999999977015,0.019995627991030263,3.147375446982713e-27,0.0,0.0,0.0,0.0812209431341141,32.32565028696758,0,4.372008972103747e-06,4,0.0,0.0,nan,0,0.0,0.0,nan,0
1.0109999999999995,approach,1.0099999999999996,0.349999999999957,-0.149999999999767,0.019995627991030263,3.72441670068276e-27,0.0,0.0,0.0,0.08129072709049003,32.2639918707297,0,4.372008971376192e-06,4,0.0,0.0,nan,0,0.0,0.0,nan,0
1.0209999999999984,approach,1.0199999999999985,0.3499999999999565,-0.14999999999976446,0.019995627991030263,4.857511503724033e-27,0.0,0.0,0.0,0.08135485064964527,32.20239970502729,0,4.372008971909725e-06,4,0.0,0.0,nan,0,0.0,0.0,nan,0
1.0309999999999973,approach,1.0299999999999974,0.34999999999995596,-0.1499999999997615,0.019995627991030263,6.264864297712102e-27,0.0,0.0,0.0,0.08141376324008145,32.140869899306544,0,4.372008971427536e-06,4,0.0,0.0,nan,0,0.0,0.0,nan,0
1.0409999999999962,approach,1.0399999999999963,0.3499999999999554,-0.14999999999975824,0.019995627991030263,6.540612820565284e-27,0.0,0.0,0.0,0.08146787969956856,32.0793988869492,0,4.3720089725728e-06,4,0.0,0.0,nan,0,0.0,0.0,nan,0
1.050999999999995,approach,1.0499999999999952,0.34999999999995485,-0.14999999999975508,0.019995627991030263,7.425424319897263e-27,0.0,0.0,0.0,0.08151758281161688,32.01798341030106,0,4.372008971895098e-06,4,0.0,0.0,nan,0,0.0,0.0,nan,0
1.060999999999994,approach,1.059999999999994,0.34999999999995435,-0.1499999999997525,0.019995627991030263,6.708466468380058e-27,0.0,0.0,0.0,0.08156322567089173,31.956620505444164,0,4.372008972084315e-06,4,0.0,0.0,nan,0,0.0,0.0,nan,0
1.0709999999999928,approach,1.069999999999993,0.3499999999999538,-0.14999999999974972,0.019995627991030263,4.988949883685046e-27,0.0,0.0,0.0,0.0816051338872577,31.895307486919044,0,4.372008971916948e-06,4,0.0,0.0,nan,0,0.0,0.0,nan,0
1.0809999999999917,approach,1.0799999999999919,0.34999999999995324,-0.14999999999974642,0.019995627991030263,4.2927021991498364e-27,0.0,0.0,0.0,0.08164360763781013,31.834041932566006,0,4.372008972386471e-06,4,0.0,0.0,nan,0,0.0,0.0,nan,0
1.0909999999999906,approach,1.0899999999999908,0.3499999999999527,-0.14999999999974314,0.019995627991030263,4.584424556761402e-27,0.0,0.0,0.0,0.08167892357596836,31.772821668614856,0,4.37200897244651e-06,4,0.0,0.0,nan,0,0.0,0.0,nan,0
1.1009999999999895,approach,1.0999999999999897,0.3499999999999522,-0.14999999999974062,0.019995627991030263,6.077039930346568e-27,0.0,0.0,0.0,0.0817113366063164,31.711644755131164,0,4.372008971001608e-06,4,0.0,0.0,nan,0,0.0,0.0,nan,0
1.1109999999999884,approach,1.1099999999999886,0.3499999999999516,-0.14999999999973776,0.019995627991030263,8.17451566387611e-27,0.0,0.0,0.0,0.08033861827051893,31.457883640455435,0,4.372008972336761e-06,4,0.0,0.0,nan,0,0.0,0.0,nan,0
1.1209999999999873,approach,1.1199999999999875,0.3499999999999511,-0.1499999999997348,0.019995627991030263,1.017039510046529e-26,0.0,0.0,0.0,0.07901171492833792,31.243882217342914,0,4.372008971781466e-06,4,0.0,0.0,nan,0,0.0,0.0,nan,0
1.1309999999999862,approach,1.1299999999999863,0.3499999999999505,-0.14999999999973165,0.019995627991030263,1.1042534993678538e-26,0.0,0.0,0.0,0.07774106099716771,31.063667735937905,0,4.372008971596668e-06,4,0.0,0.0,nan,0,0.0,0.0,nan,0
1.1409999999999851,approach,1.1399999999999852,0.34999999999995,-0.14999999999972918,0.019995627991030263,1.1835470096861877e-26,0.0,0.0,0.0,0.07653405914487489,30.912118441566214,0,4.372008971679148e-06,4,0.0,0.0,nan,0,0.0,0.0,nan,0
1.150999999999984,approach,1.1499999999999841,0.34999999999994946,-0.14999999999972607,0.019995627991030263,1.2989085833946276e-26,0.0,0.0,0.0,0.07539555760174536,30.78484288101734,0,4.372008972244858e-06,4,0.0,0.0,nan,0,0.0,0.0,nan,0
1.160999999999983,approach,1.159999999999983,0.3499999999999489,-0.14999999999972294,0.019995627991030263,1.4243237088595218e-26,0.0,0.0,0.0,0.07432827962396434,30.67807612631399,0,4.3720089723404375e-06,4,0.0,0.0,nan,0,0.0,0.0,nan,0
1.1709999999999818,approach,1.169999999999982,0.34999999999994835,-0.14999999999971986,0.019995627991030263,1.5060472536823723e-26,0.0,0.0,0.0,0.0733332071774121,30.588590820481116,0,4.372008971606231e-06,4,0.0,0.0,nan,0,0.0,0.0,nan,0
1.1809999999999807,approach,1.1799999999999808,0.34999999999994785,-0.14999999999971725,0.019995627991030263,1.6537267471043046e-26,0.0,0.0,0.0,0.07240992096543405,30.513621058671987,0,4.372008972042238e-06,4,0.0,0.0,nan,0,0.0,0.0,nan,0
1.1909999999999796,approach,1.1899999999999797,0.3499999999999473,-0.14999999999971453,0.019995627991030263,1.7761417714668804e-26,0.0,0.0,0.0,0.07155689899603827,30.450797294907492,0,4.372008971649532e-06,4,0.0,0.0,nan,0,0.0,0.0,nan,0
1.2009999999999785,approach,1.1999999999999786,0.34999999999994674,-0.14999999999971114,0.019995627991030263,1.9751781348852582e-26,0.0,0.0,0.0,0.07077177600149058,30.3980906696121,0,4.37200897260746e-06,4,0.0,0.0,nan,0,0.0,0.0,nan,0
1.2109999999999774,approach,1.2099999999999775,0.3499999999999462,-0.14999999999970795,0.019995627991030263,2.098896621733877e-26,0.0,0.0,0.0,0.07005156618202951,30.353765361053018,0,4.372008972154356e-06,4,0.0,0.0,nan,0,0.0,0.0,nan,0
1.2209999999999763,approach,1.2199999999999764,0.3499999999999457,-0.1499999999997054,0.019995627991030263,2.2845881097687616e-26,0.0,0.0,0.0,0.06939285192289024,30.316337760276117,0,4.372008971801554e-06,4,0.0,0.0,nan,0,0.0,0.0,nan,0
1.2309999999999752,approach,1.2299999999999753,0.34999999999994513,-0.14999999999970262,0.019995627991030263,2.519948577905847e-26,0.0,0.0,0.0,0.06879194130111711,30.284541446881864,0,4.372008972130473e-06,4,0.0,0.0,nan,0,0.0,0.0,nan,0
1.2409999999999741,approach,1.2399999999999742,0.3499999999999446,-0.14999999999969946,0.019995627991030263,2.710889407609972e-26,0.0,0.0,0.0,0.06824499732877656,30.257297099231135,0,4.372008971508212e-06,4,0.0,0.0,nan,0,0.0,0.0,nan,0
1.250999999999973,approach,1.2499999999999731,0.349999999999944,-0.14999999999969613,0.019995627991030263,2.7508211929077353e-26,0.0,0.0,0.0,0.06774814195201692,30.233686607362586,0,4.37200897263105e-06,4,0.0,0.0,nan,0,0.0,0.0,nan,0
1.260999999999972,approach,1.259999999999972,0.3499999999999435,-0.1499999999996937,0.019995627991030263,2.787956087298021e-26,0.0,0.0,0.0,0.06729753782996845,30.212930771495277,0,4.372008971164869e-06,4,0.0,0.0,nan,0,0.0,0.0,nan,0
1.2709999999999708,approach,1.269999999999971,0.34999999999994297,-0.14999999999969071,0.019995627991030263,2.8637654255189107e-26,0.0,0.0,0.0,0.06688945085182128,30.19437006560837,0,4.37200897235275e-06,4,0.0,0.0,nan,0,0.0,0.0,nan,0
1.2809999999999697,approach,1.2799999999999698,0.3499999999999424,-0.14999999999968774,0.019995627991030263,2.9012806644823834e-26,0.0,0.0,0.0,0.0665202962201057,30.17744802663074,0,4.3720089720245705e-06,4,0.0,0.0,nan,0,0.0,0.0,nan,0
1.2909999999999686,approach,1.2899999999999687,0.34999999999994186,-0.14999999999968433,0.019995627991030263,2.870103025305577e-26,0.0,0.0,0.0,0.06618667074429473,30.161696897511373,0,4.372008972448147e-06,4,0.0,0.0,nan,0,0.0,0.0,nan,0
1.3009999999999675,approach,1.2999999999999676,0.3499999999999413,-0.14999999999968164,0.019995627991030263,2.8696007491133277e-26,0.0,0.0,0.0,0.06588537376509711,30.146725209029256,0,4.372008971513082e-06,4,0.0,0.0,nan,0,0.0,0.0,nan,0
1.3109999999999664,approach,1.3099999999999665,0.3499999999999408,-0.14999999999967892,0.019995627991030263,2.650897728451193e-26,0.0,0.0,0.0,0.06561341888099854,30.132207032465235,0,4.372008971269316e-06,4,0.0,0.0,nan,0,0.0,0.0,nan,0
1.3209999999999653,approach,1.3199999999999654,0.34999999999994025,-0.14999999999967584,0.019995627991030263,2.613006953201274e-26,0.0,0.0,0.0,0.06536803838850122,30.117872674812318,0,4.372008972474262e-06,4,0.0,0.0,nan,0,0.0,0.0,nan,0
1.3309999999999642,approach,1.3299999999999643,0.3499999999999397,-0.14999999999967276,0.019995627991030263,2.673653521989016e-26,0.0,0.0,0.0,0.06514668208809336,30.10350062136469,0,4.372008971840225e-06,4,0.0,0.0,nan,0,0.0,0.0,nan,0
1.340999999999963,approach,1.3399999999999632,0.34999999999993914,-0.1499999999996696,0.019995627991030263,2.8281909279083234e-26,0.0,0.0,0.0,0.0649470118587055,30.088910558419695,0,4.372008971631579e-06,4,0.0,0.0,nan,0,0.0,0.0,nan,0
1.350999999999962,approach,1.3499999999999621,0.34999999999993864,-0.1499999999996671,0.019995627991030263,2.909823303923048e-26,0.0,0.0,0.0,0.06476689317117862,30.07395733235826,0,4.372008971707598e-06,4,0.0,0.0,nan,0,0.0,0.0,nan,0
1.360999999999961,approach,1.359999999999961,0.3499999999999381,-0.14999999999966399,0.019995627991030263,3.0531622479585134e-26,0.0,0.0,0.0,0.06460438450051957,30.058525721292774,0,4.372008972279134e-06,4,0.0,0.0,nan,0,0.0,0.0,nan,0
1.3709999999999598,approach,1.36999999999996,0.3499999999999375,-0.14999999999966082,0.019995627991030263,3.273272532910025e-26,0.0,0.0,0.0,0.0644577254097943,30.04252591239366,0,4.372008972374878e-06,4,0.0,0.0,nan,0,0.0,0.0,nan,0
1.3809999999999587,approach,1.3799999999999588,0.349999999999937,-0.1499999999996577,0.019995627991030263,3.393482227855998e-26,0.0,0.0,0.0,0.06432532391608309,30.02588959243267,0,4.372008971630311e-06,4,0.0,0.0,nan,0,0.0,0.0,nan,0
1.3909999999999576,approach,1.3899999999999577,0.3499999999999365,-0.1499999999996551,0.019995627991030263,3.5815343127550965e-26,0.0,0.0,0.0,0.06420574361036675,30.008566571417845,0,4.372008972069293e-06,4,0.0,0.0,nan,0,0.0,0.0,nan,0
1.4009999999999565,approach,1.3999999999999566,0.3499999999999359,-0.14999999999965236,0.019995627991030263,3.6783774812438354e-26,0.0,0.0,0.0,0.06409769088706481,29.990521869776508,0,4.372008971671298e-06,4,0.0,0.0,nan,0,0.0,0.0,nan,0
1.4109999999999554,approach,1.4099999999999555,0.34999999999993536,-0.14999999999964891,0.019995627991030263,3.9333122225787727e-26,0.0,0.0,0.0,0.06400000254316932,29.971733208652132,0,4.372008972639837e-06,4,0.0,0.0,nan,0,0.0,0.0,nan,0
1.4209999999999543,approach,1.4199999999999544,0.3499999999999348,-0.1499999999996464,0.019995627991030263,3.943904915062222e-26,0.0,0.0,0.0,0.06391163392923953,29.95218885072882,0,4.372008971321983e-06,4,0.0,0.0,nan,0,0.0,0.0,nan,0
1.4309999999999532,approach,1.4299999999999533,0.3499999999999343,-0.14999999999964356,0.019995627991030263,3.850160092493854e-26,0.0,0.0,0.0,0.06383164777250676,29.931885745795572,0,4.3720089720749435e-06,4,0.0,0.0,nan,0,0.0,0.0,nan,0
1.440999999999952,approach,1.4399999999999522,0.34999999999993375,-0.14999999999964053,0.019995627991030263,3.8074246969930036e-26,0.0,0.0,0.0,0.06375920374376454,29.91082794114095,0,4.372008972249333e-06,4,0.0,0.0,nan,0,0.0,0.0,nan,0
1.450999999999951,approach,1.449999999999951,0.3499999999999332,-0.14999999999963728,0.019995627991030263,3.742382987407824e-26,0.0,0.0,0.0,0.06369354880231387,29.889025221979903,0,4.372008971556765e-06,4,0.0,0.0,nan,0,0.0,0.0,nan,0
1.46099999999995,approach,1.45999999999995,0.34999999999993264,-0.1499999999996344,0.019995627991030263,3.7013784191824756e-26,0.0,0.0,0.0,0.06363400832512021,29.86649195155857,0,4.37200897160998e-06,4,0.0,0.0,nan,0,0.0,0.0,nan,0
1.4709999999999488,approach,1.469999999999949,0.34999999999993214,-0.14999999999963196,0.019995627991030263,3.6915383029932513e-26,0.0,0.0,0.0,0.0635799780057527,29.843246084446704,0,4.372008971465296e-06,4,0.0,0.0,nan,0,0.0,0.0,nan,0
1.4809999999999477,approach,1.4799999999999478,0.3499999999999316,-0.14999999999962874,0.019995627991030263,3.718677336384355e-26,0.0,0.0,0.0,0.0635309164941374,29.819308329904246,0,4.372008972495609e-06,4,0.0,0.0,nan,0,0.0,0.0,nan,0
1.4909999999999466,approach,1.4899999999999467,0.34999999999993103,-0.14999999999962566,0.019995627991030263,3.7332220525508583e-26,0.0,0.0,0.0,0.06348633873836637,29.794701445150455,0,4.372008972085972e-06,4,0.0,0.0,nan,0,0.0,0.0,nan,0
1.5009999999999455,approach,1.4999999999999456,0.3499999999999305,-0.1499999999996225,0.019995627991030263,3.7339916995578215e-26,0.0,0.0,0.0,0.06344580998376537,29.76944964093385,0,4.372008971364307e-06,4,0.0,0.0,nan,0,0.0,0.0,nan,0
1.5109999999999444,approach,1.5099999999999445,0.34999999999993,-0.14999999999962,0.019995627991030263,3.8059140552588235e-26,0.0,0.0,0.0,0.06340894038117141,29.74357808405128,0,4.372008971893431e-06,4,0.0,0.0,nan,0,0.0,0.0,nan,0
1.5209999999999433,approach,1.5199999999999434,0.3499999999999294,-0.14999999999961702,0.019995627991030263,3.850271290522571e-26,0.0,0.0,0.0,0.06337538015530324,29.71711248342691,0,4.3720089714145035e-06,4,0.0,0.0,nan,0,0.0,0.0,nan,0
1.5309999999999422,approach,1.5299999999999423,0.34999999999992887,-0.1499999999996138,0.019995627991030263,3.8882547789897305e-26,0.0,0.0,0.0,0.06334481528451992,29.690078748084524,0,4.372008972550937e-06,4,0.0,0.0,nan,0,0.0,0.0,nan,0
1.540999999999941,approach,1.5399999999999412,0.3499999999999283,-0.14999999999961064,0.019995627991030263,3.914553254606212e-26,0.0,0.0,0.0,0.06331696364486086,29.662502706847096,0,4.372008971877758e-06,4,0.0,0.0,nan,0,0.0,0.0,nan,0
1.55099999999994,approach,1.54999999999994,0.3499999999999278,-0.14999999999960806,0.019995627991030263,3.9629414685064154e-26,0.0,0.0,0.0,0.06329157157351253,29.634409880920625,0,4.372008972066245e-06,4,0.0,0.0,nan,0,0.0,0.0,nan,0
1.5609999999999389,approach,1.559999999999939,0.34999999999992726,-0.14999999999960528,0.019995627991030263,3.943262901450053e-26,0.0,0.0,0.0,0.06326841080965948,29.60582530166437,0,4.372008971900931e-06,4,0.0,0.0,nan,0,0.0,0.0,nan,0
1.5709999999999378,approach,1.569999999999938,0.3499999999999267,-0.149999999999602,0.019995627991030263,3.7288027538552395e-26,0.0,0.0,0.0,0.06324727577366683,29.576773366865506,0,4.372008972367335e-06,4,0.0,0.0,nan,0,0.0,0.0,nan,0
1.5809999999999367,approach,1.5799999999999368,0.34999999999992615,-0.14999999999959873,0.019995627991030263,3.501319450095259e-26,0.0,0.0,0.0,0.06322798114871386,29.54727772971503,0,4.372008972427051e-06,4,0.0,0.0,nan,0,0.0,0.0,nan,0
1.5909999999999356,approach,1.5899999999999357,0.34999999999992565,-0.1499999999995962,0.019995627991030263,3.375003699494858e-26,0.0,0.0,0.0,0.06321035973211121,29.517361215453057,0,4.372008970992304e-06,4,0.0,0.0,nan,0,0.0,0.0,nan,0
1.6009999999999345,approach,1.5999999999999346,0.3499999999999251,-0.14999999999959335,0.019995627991030263,3.309824536639589e-26,0.0,0.0,0.0,0.06319426052658428,29.48704576133138,0,4.372008972316797e-06,4,0.0,0.0,nan,0,0.0,0.0,nan,0
1.6109999999999334,approach,1.6099999999999335,0.34999999999992454,-0.14999999999959043,0.019995627991030263,3.169099503989682e-26,0.0,0.0,0.0,0.06317954704470852,29.456352376127388,0,4.372008971765868e-06,4,0.0,0.0,nan,0,0.0,0.0,nan,0
1.6209999999999323,approach,1.6199999999999324,0.349999999999924,-0.1499999999995869,0.019995627991030263,2.984290864363197e-26,0.0,0.0,0.0,0.06316609580242644,29.425301115958938,0,4.372008972702873e-06,4,0.0,0.0,nan,0,0.0,0.0,nan,0
1.6309999999999312,approach,1.6299999999999313,0.34999999999992343,-0.14999999999958435,0.019995627991030263,2.9560182996481295e-26,0.0,0.0,0.0,0.06315379498008959,29.393911073603423,0,4.372008971349155e-06,4,0.0,0.0,nan,0,0.0,0.0,nan,0
1.64099999999993,approach,1.6399999999999302,0.34999999999992293,-0.1499999999995815,0.019995627991030263,2.792586745895212e-26,0.0,0.0,0.0,0.06314254323181692,29.36220037891317,0,4.372008972105795e-06,4,0.0,0.0,nan,0,0.0,0.0,nan,0
1.650999999999929,approach,1.649999999999929,0.3499999999999224,-0.14999999999957847,0.019995627991030263,2.7394079483765117e-26,0.0,0.0,0.0,0.06313224862607575,29.330186208264205,0,4.372008972281223e-06,4,0.0,0.0,nan,0,0.0,0.0,nan,0
1.6609999999999279,approach,1.659999999999928,0.3499999999999218,-0.14999999999957517,0.019995627991030263,2.7813140079111497e-26,0.0,0.0,0.0,0.06312282770233042,29.29788480127129,0,4.3720089715794945e-06,4,0.0,0.0,nan,0,0.0,0.0,nan,0
1.6709999999999268,approach,1.6699999999999269,0.34999999999992126,-0.14999999999957228,0.019995627991030263,2.837454549330901e-26,0.0,0.0,0.0,0.06311420463032748,29.2653114832629,0,4.3720089716339545e-06,4,0.0,0.0,nan,0,0.0,0.0,nan,0
1.6809999999999257,approach,1.6799999999999258,0.34999999999992076,-0.1499999999995698,0.019995627991030263,2.928126215398639e-26,0.0,0.0,0.0,0.06310631046015254,29.2324806922352,0,4.372008971487565e-06,4,0.0,0.0,nan,0,0.0,0.0,nan,0
1.6909999999999246,approach,1.6899999999999247,0.3499999999999202,-0.14999999999956656,0.019995627991030263,3.1568183136675216e-26,0.0,0.0,0.0,0.06309908245257888,29.199406009198764,0,4.372008972531264e-06,4,0.0,0.0,nan,0,0.0,0.0,nan,0
1.7009999999999235,approach,1.6999999999999236,0.34999999999991965,-0.14999999999956343,0.019995627991030263,3.3686929757883484e-26,0.0,0.0,0.0,0.06309246348046574,29.16610019100142,0,4.372008972116421e-06,4,0.0,0.0,nan,0,0.0,0.0,nan,0
1.7109999999999224,approach,1.7099999999999225,0.34999999999991915,-0.14999999999956087,0.019995627991030263,3.6230398619419217e-26,0.0,0.0,0.0,0.05864796976880932,28.74298606217317,0,4.372008971780373e-06,4,0.0,0.0,nan,0,0.0,0.0,nan,0
1.7209999999999213,approach,1.7199999999999214,0.3499999999999186,-0.1499999999995581,0.019995627991030263,3.8575389776236845e-26,0.0,0.0,0.0,0.05521261394254898,28.406063658886968,0,4.372008972110874e-06,4,0.0,0.0,nan,0,0.0,0.0,nan,0
1.7309999999999202,approach,1.7299999999999203,0.34999999999991804,-0.14999999999955493,0.019995627991030263,3.9461959234809564e-26,0.0,0.0,0.0,0.05295431310162046,28.139358285001727,0,4.372008971494452e-06,4,0.0,0.0,nan,0,0.0,0.0,nan,0
1.740999999999919,approach,1.7399999999999192,0.3499999999999175,-0.14999999999955163,0.019995627991030263,3.923503237764586e-26,0.0,0.0,0.0,0.05195800863732705,27.930012434936945,0,4.372008972608104e-06,4,0.0,0.0,nan,0,0.0,0.0,nan,0
1.750999999999918,approach,1.749999999999918,0.349999999999917,-0.14999999999954922,0.019995627991030263,3.9251712873290935e-26,0.0,0.0,0.0,0.05220002715640112,27.767676529972828,0,4.372008971153781e-06,4,0.0,0.0,nan,0,0.0,0.0,nan,0
1.7609999999999169,approach,1.759999999999917,0.34999999999991643,-0.14999999999954625,0.019995627991030263,3.9309464878675635e-26,0.0,0.0,0.0,0.05355257636328148,27.355442468558714,0,4.372008972333111e-06,4,0.0,0.0,nan,0,0.0,0.0,nan,0
1.7709999999999158,approach,1.7699999999999159,0.3499999999999159,-0.14999999999954328,0.019995627991030263,3.854059929160508e-26,0.0,0.0,0.0,0.05581896705783113,27.264301482727795,0,4.372008972008042e-06,4,0.0,0.0,nan,0,0.0,0.0,nan,0
1.7809999999999147,approach,1.7799999999999148,0.3499999999999153,-0.1499999999995399,0.019995627991030263,3.6901811246505016e-26,0.0,0.0,0.0,0.05877973514964597,27.199295087865767,0,4.372008972428833e-06,4,0.0,0.0,nan,0,0.0,0.0,nan,0
1.7909999999999136,approach,1.7899999999999137,0.34999999999991477,-0.1499999999995372,0.019995627991030263,3.651471653251387e-26,0.0,0.0,0.0,0.06222873128991646,27.155922467978172,0,4.372008971500275e-06,4,0.0,0.0,nan,0,0.0,0.0,nan,0
1.8009999999999124,approach,1.7999999999999126,0.34999999999991427,-0.1499999999995345,0.019995627991030263,3.5803471749075206e-26,0.0,0.0,0.0,0.06599161214960014,27.13984047642021,0,4.372008971257993e-06,4,0.0,0.0,nan,0,0.0,0.0,nan,0
1.8109999999999113,approach,1.8099999999999115,0.3499999999999137,-0.14999999999953142,0.019995627991030263,3.4900972334468094e-26,0.0,0.0,0.0,0.06993028013336419,27.173255107187092,0,4.3720089724543745e-06,4,0.0,0.0,nan,0,0.0,0.0,nan,0
1.8209999999999102,approach,1.8199999999999104,0.34999999999991316,-0.14999999999952837,0.019995627991030263,3.4441005970144886e-26,0.0,0.0,0.0,0.07393977529269194,27.17444001533143,0,4.372008971825288e-06,4,0.0,0.0,nan,0,0.0,0.0,nan,0
1.8309999999999091,approach,1.8299999999999093,0.3499999999999126,-0.1499999999995252,0.019995627991030263,3.423803449137845e-26,0.0,0.0,0.0,0.07794248441291615,27.18551083394143,0,4.372008971618964e-06,4,0.0,0.0,nan,0,0.0,0.0,nan,0
1.840999999999908,approach,1.8399999999999082,0.3499999999999121,-0.1499999999995227,0.019995627991030263,3.515820892331559e-26,0.0,0.0,0.0,0.08188221074819224,27.204668045146892,0,4.37200897169651e-06,4,0.0,0.0,nan,0,0.0,0.0,nan,0
1.850999999999907,approach,1.849999999999907,0.34999999999991155,-0.1499999999995196,0.019995627991030263,3.505262118328013e-26,0.0,0.0,0.0,0.0857190877676442,27.230383319919877,0,4.3720089722655285e-06,4,0.0,0.0,nan,0,0.0,0.0,nan,0
1.8609999999999058,approach,1.859999999999906,0.349999999999911,-0.14999999999951646,0.019995627991030263,3.515313410021552e-26,0.0,0.0,0.0,0.0894255425258712,27.261354686055427,0,4.372008972361502e-06,4,0.0,0.0,nan,0,0.0,0.0,nan,0
1.8709999999999047,approach,1.8699999999999048,0.34999999999991044,-0.14999999999951336,0.019995627991030263,3.4923767145456845e-26,0.0,0.0,0.0,0.09298320718922383,27.296470852841058,0,4.3720089716206865e-06,4,0.0,0.0,nan,0,0.0,0.0,nan,0
1.8809999999999036,approach,1.8799999999999037,0.34999999999990994,-0.14999999999951075,0.019995627991030263,3.511195422024245e-26,0.0,0.0,0.0,0.09638059384370323,27.334782477159695,0,4.372008972058482e-06,4,0.0,0.0,nan,0,0.0,0.0,nan,0
1.8909999999999025,approach,1.8899999999999026,0.3499999999999094,-0.149999999999508,0.019995627991030263,3.4929955634555516e-26,0.0,0.0,0.0,0.0996113528559781,27.375478723172854,0,4.37200897166332e-06,4,0.0,0.0,nan,0,0.0,0.0,nan,0
1.9009999999999014,approach,1.8999999999999015,0.34999999999990883,-0.14999999999950459,0.019995627991030263,3.3981492661465797e-26,0.0,0.0,0.0,0.10267296709682829,27.417867893878682,0,4.372008972628323e-06,4,0.0,0.0,nan,0,0.0,0.0,nan,0
1.9109999999999003,approach,1.9099999999999004,0.3499999999999083,-0.14999999999950137,0.019995627991030263,3.4100540333049267e-26,0.0,0.0,0.0,0.10556576890953219,27.461361229585815,0,4.37200897217205e-06,4,0.0,0.0,nan,0,0.0,0.0,nan,0
1.9209999999998992,approach,1.9199999999998993,0.3499999999999078,-0.1499999999994988,0.019995627991030263,3.385781723196815e-26,0.0,0.0,0.0,0.10829219594621718,27.50545920187639,0,4.372008971818328e-06,4,0.0,0.0,nan,0,0.0,0.0,nan,0
1.9309999999998981,approach,1.9299999999998982,0.3499999999999072,-0.149999999999496,0.019995627991030263,3.339056260836687e-26,0.0,0.0,0.0,0.11085622453198277,27.54973980277778,0,4.372008972151048e-06,4,0.0,0.0,nan,0,0.0,0.0,nan,0
1.940999999999897,approach,1.9399999999998971,0.34999999999990666,-0.14999999999949282,0.019995627991030263,3.277391604841423e-26,0.0,0.0,0.0,0.11326293586289474,27.593848453762295,0,4.3720089715236394e-06,4,0.0,0.0,nan,0,0.0,0.0,nan,0
1.950999999999896,approach,1.949999999999896,0.3499999999999061,-0.14999999999948996,0.019995627991030263,3.185788445892432e-26,0.0,0.0,0.0,0.11551818240004298,27.637489250140266,0,4.372008971596111e-06,4,0.0,0.0,nan,0,0.0,0.0,nan,0
1.9609999999998948,approach,1.959999999999895,0.3499999999999056,-0.14999999999948752,0.019995627991030263,3.106037929432391e-26,0.0,0.0,0.0,0.11762833048815884,27.680417322610893,0,4.372008971458791e-06,4,0.0,0.0,nan,0,0.0,0.0,nan,0
1.9709999999998937,approach,1.9699999999998938,0.34999999999990505,-0.1499999999994843,0.019995627991030263,2.96008439400014e-26,0.0,0.0,0.0,0.1196000614537417,27.722432146019422,0,4.372008972488544e-06,4,0.0,0.0,nan,0,0.0,0.0,nan,0
1.9809999999998926,approach,1.9799999999998927,0.3499999999999045,-0.14999999999948121,0.019995627991030263,2.8700989247610784e-26,0.0,0.0,0.0,0.12144021792804394,27.763371660737338,0,4.37200897208093e-06,4,0.0,0.0,nan,0,0.0,0.0,nan,0
1.9909999999998915,approach,1.9899999999998916,0.34999999999990394,-0.14999999999947805,0.019995627991030263,2.963632372656461e-26,0.0,0.0,0.0,0.12315568539948647,27.803107098178266,0,4.3720089713610676e-06,4,0.0,0.0,nan,0,0.0,0.0,nan,0
2.0009999999998906,approach,1.9999999999998905,0.34999999999990344,-0.14999999999947555,0.019995627991030263,3.1015352573678735e-26,0.0,0.0,0.0,0.12475330138489753,27.84153842140992,0,4.372008971888152e-06,4,0.0,0.0,nan,0,0.0,0.0,nan,0
2.0109999999998895,approach,2.0099999999998897,0.3499999999999029,-0.14999999999947258,0.019995627991030263,3.2769606851439106e-26,0.0,0.0,0.0,0.12623978636987804,27.878590306513804,0,4.372008971410469e-06,4,0.0,0.0,nan,0,0.0,0.0,nan,0
2.0209999999998884,approach,2.0199999999998886,0.34999999999990233,-0.14999999999946936,0.019995627991030263,3.382881520830511e-26,0.0,0.0,0.0,0.12762169198141654,27.914208601617027,0,4.3720089725450316e-06,4,0.0,0.0,nan,0,0.0,0.0,nan,0
2.0309999999998873,approach,2.0299999999998875,0.3499999999999018,-0.14999999999946623,0.019995627991030263,3.441630382942699e-26,0.0,0.0,0.0,0.12890536284432705,27.94835720933581,0,4.372008971873838e-06,4,0.0,0.0,nan,0,0.0,0.0,nan,0
2.0409999999998862,approach,2.0399999999998863,0.3499999999999013,-0.14999999999946365,0.019995627991030263,3.652030548762867e-26,0.0,0.0,0.0,0.13009690932465437,27.98101534540749,0,4.372008972062103e-06,4,0.0,0.0,nan,0,0.0,0.0,nan,0
2.050999999999885,approach,2.0499999999998852,0.3499999999999007,-0.1499999999994609,0.019995627991030263,3.8394786505633485e-26,0.0,0.0,0.0,0.13120218894021482,28.012175132016033,0,4.372008971896957e-06,4,0.0,0.0,nan,0,0.0,0.0,nan,0
2.060999999999884,approach,2.059999999999884,0.34999999999990017,-0.14999999999945762,0.019995627991030263,4.101823524612425e-26,0.0,0.0,0.0,0.13222679466555778,28.041839489085675,0,4.3720089723620055e-06,4,0.0,0.0,nan,0,0.0,0.0,nan,0
2.070999999999883,approach,2.069999999999883,0.3499999999998996,-0.14999999999945435,0.019995627991030263,4.269529366326856e-26,0.0,0.0,0.0,0.13317604870818264,28.070020290853584,0,4.37200897242146e-06,4,0.0,0.0,nan,0,0.0,0.0,nan,0
2.080999999999882,approach,2.079999999999882,0.3499999999998991,-0.14999999999945182,0.019995627991030263,4.416976305384516e-26,0.0,0.0,0.0,0.13405500060840975,28.096736758512545,0,4.372008970989691e-06,4,0.0,0.0,nan,0,0.0,0.0,nan,0
2.0909999999998807,approach,2.089999999999881,0.34999999999989856,-0.14999999999944896,0.019995627991030263,4.6088905101854927e-26,0.0,0.0,0.0,0.1348684287341769,28.122014062754772,0,4.372008972312254e-06,4,0.0,0.0,nan,0,0.0,0.0,nan,0
2.1009999999998796,approach,2.0999999999998797,0.349999999999898,-0.14999999999944605,0.019995627991030263,4.6266376241867744e-26,0.0,0.0,0.0,0.13562084441715122,28.145882112733958,0,4.372008971762303e-06,4,0.0,0.0,nan,0,0.0,0.0,nan,0
2.1109999999998785,approach,2.1099999999998786,0.34999999999989745,-0.14999999999944252,0.019995627991030263,4.764450664744489e-26,0.0,0.0,0.0,0.1363164981175285,28.16837451035401,0,4.37200897269818e-06,4,0.0,0.0,nan,0,0.0,0.0,nan,0
2.1209999999998774,approach,2.1199999999998775,0.3499999999998969,-0.14999999999943997,0.019995627991030263,4.839633531770542e-26,0.0,0.0,0.0,0.13695938711904224,28.189527650942136,0,4.372008971346279e-06,4,0.0,0.0,nan,0,0.0,0.0,nan,0
2.1309999999998763,approach,2.1299999999998764,0.3499999999998964,-0.1499999999994371,0.019995627991030263,4.9084847912996267e-26,0.0,0.0,0.0,0.13755326434859189,28.20937995329445,0,4.372008972101549e-06,4,0.0,0.0,nan,0,0.0,0.0,nan,0
2.1409999999998752,approach,2.1399999999998753,0.34999999999989584,-0.14999999999943409,0.019995627991030263,4.867222371685061e-26,0.0,0.0,0.0,0.1381016479908239,28.227971203832997,0,4.3720089722768415e-06,4,0.0,0.0,nan,0,0.0,0.0,nan,0
2.150999999999874,approach,2.1499999999998742,0.3499999999998953,-0.14999999999943078,0.019995627991030263,4.867649162952446e-26,0.0,0.0,0.0,0.13860783163025786,28.245342001191904,0,4.37200897157661e-06,4,0.0,0.0,nan,0,0.0,0.0,nan,0
2.160999999999873,approach,2.159999999999873,0.34999999999989473,-0.1499999999994279,0.019995627991030263,4.867432443783279e-26,0.0,0.0,0.0,0.1390748947047816,28.261533288984996,0,4.3720089716308645e-06,4,0.0,0.0,nan,0,0.0,0.0,nan,0
2.170999999999872,approach,2.169999999999872,0.34999999999989423,-0.14999999999942543,0.019995627991030263,4.9034685426056674e-26,0.0,0.0,0.0,0.1395057130965735,28.276585965805673,0,4.3720089714843574e-06,4,0.0,0.0,nan,0,0.0,0.0,nan,0
2.180999999999871,approach,2.179999999999871,0.3499999999998937,-0.1499999999994222,0.019995627991030263,4.830406271037807e-26,0.0,0.0,0.0,0.1399029697214,28.290540562684562,0,4.372008972526024e-06,4,0.0,0.0,nan,0,0.0,0.0,nan,0
2.1909999999998697,approach,2.18999999999987,0.3499999999998931,-0.14999999999941907,0.019995627991030263,4.889203987577568e-26,0.0,0.0,0.0,0.14026916500607928,28.303436979295924,0,4.37200897211196e-06,4,0.0,0.0,nan,0,0.0,0.0,nan,0
2.2009999999998686,approach,2.1999999999998687,0.34999999999989256,-0.1499999999994159,0.019995627991030263,5.099542185165477e-26,0.0,0.0,0.0,0.14060662716775194,28.315314271165573,0,4.372008971382431e-06,4,0.0,0.0,nan,0,0.0,0.0,nan,0
2.2109999999998675,approach,2.2099999999998676,0.34999999999989206,-0.14999999999941338,0.019995627991030263,5.252508849379906e-26,0.0,0.0,0.0,0.13563203690484757,28.39236836973549,0,4.37200897191698e-06,4,0.0,0.0,nan,0,0.0,0.0,nan,0
2.2209999999998664,approach,2.2199999999998665,0.3499999999998915,-0.1499999999994104,0.019995627991030263,5.36567724075885e-26,0.0,0.0,0.0,0.13077398019070355,28.454934528399846,0,4.37200897143298e-06,4,0.0,0.0,nan,0,0.0,0.0,nan,0
2.2309999999998653,approach,2.2299999999998654,0.34999999999989095,-0.14999999999940714,0.019995627991030263,5.362586341251491e-26,0.0,0.0,0.0,0.12607823101737628,28.505280494348977,0,4.372008972581456e-06,4,0.0,0.0,nan,0,0.0,0.0,nan,0
2.240999999999864,approach,2.2399999999998643,0.34999999999989045,-0.14999999999940475,0.019995627991030263,5.300819312619725e-26,0.0,0.0,0.0,0.12158064724597728,28.545399838883544,0,4.372008971145465e-06,4,0.0,0.0,nan,0,0.0,0.0,nan,0
2.250999999999863,approach,2.249999999999863,0.3499999999998899,-0.14999999999940178,0.019995627991030263,5.243961986247767e-26,0.0,0.0,0.0,0.11730841707225087,28.577040094299676,0,4.372008972324947e-06,4,0.0,0.0,nan,0,0.0,0.0,nan,0
2.260999999999862,approach,2.259999999999862,0.34999999999988934,-0.1499999999993988,0.019995627991030263,5.213028976850487e-26,0.0,0.0,0.0,0.11328115162977712,28.60172801805576,0,4.372008972001688e-06,4,0.0,0.0,nan,0,0.0,0.0,nan,0
2.270999999999861,approach,2.269999999999861,0.3499999999998888,-0.14999999999939542,0.019995627991030263,5.278510619518788e-26,0.0,0.0,0.0,0.10951184981713619,28.620792451899224,0,4.372008972421708e-06,4,0.0,0.0,nan,0,0.0,0.0,nan,0
2.28099999999986,approach,2.27999999999986,0.34999999999988823,-0.14999999999939273,0.019995627991030263,5.27904057731511e-26,0.0,0.0,0.0,0.10600775942086949,28.635385111759458,0,4.372008971496194e-06,4,0.0,0.0,nan,0,0.0,0.0,nan,0
2.2909999999998587,approach,2.289999999999859,0.34999999999988773,-0.14999999999939004,0.019995627991030263,5.167345078334964e-26,0.0,0.0,0.0,0.1027711558332616,28.646499550641032,0,4.372008971254986e-06,4,0.0,0.0,nan,0,0.0,0.0,nan,0
2.3009999999998576,approach,2.2999999999998577,0.3499999999998872,-0.14999999999938696,0.019995627991030263,4.9863972472631475e-26,0.0,0.0,0.0,0.0998000561418846,28.654988472796795,0,4.372008972448792e-06,4,0.0,0.0,nan,0,0.0,0.0,nan,0
2.3109999999998565,approach,2.3099999999998566,0.3499999999998866,-0.14999999999938393,0.019995627991030263,4.947940821252815e-26,0.0,0.0,0.0,0.09708888222429699,28.661579535362414,0,4.372008971821013e-06,4,0.0,0.0,nan,0,0.0,0.0,nan,0
2.3209999999998554,approach,2.3199999999998555,0.34999999999988607,-0.14999999999938077,0.019995627991030263,4.790485389396329e-26,0.0,0.0,0.0,0.09462908198426388,28.66688974702756,0,4.372008971614954e-06,4,0.0,0.0,nan,0,0.0,0.0,nan,0
2.3309999999998543,approach,2.3299999999998544,0.34999999999988557,-0.1499999999993783,0.019995627991030263,4.7147267024721425e-26,0.0,0.0,0.0,0.09240971340213436,28.91381349564694,0,4.3720089716910606e-06,4,0.0,0.0,nan,0,0.0,0.0,nan,0
2.340999999999853,approach,2.3399999999998533,0.349999999999885,-0.1499999999993752,0.019995627991030263,4.686175725008838e-26,0.0,0.0,0.0,0.09041799208442063,28.917867418768775,0,4.372008972257713e-06,4,0.0,0.0,nan,0,0.0,0.0,nan,0
2.350999999999852,approach,2.349999999999852,0.34999999999988446,-0.14999999999937205,0.019995627991030263,4.805016893286947e-26,0.0,0.0,0.0,0.08863979989640691,28.921345304554727,0,4.3720089723522824e-06,4,0.0,0.0,nan,0,0.0,0.0,nan,0
2.360999999999851,approach,2.359999999999851,0.3499999999998839,-0.14999999999936894,0.019995627991030263,4.822661621754992e-26,0.0,0.0,0.0,0.08706015033521201,28.92513709118765,0,4.372008971614128e-06,4,0.0,0.0,nan,0,0.0,0.0,nan,0
2.37099999999985,approach,2.36999999999985,0.3499999999998834,-0.14999999999936633,0.019995627991030263,4.7887615601376143e-26,0.0,0.0,0.0,0.08566360565387526,28.929480868398223,0,4.372008972050096e-06,4,0.0,0.0,nan,0,0.0,0.0,nan,0
2.380999999999849,approach,2.379999999999849,0.34999999999988285,-0.1499999999993636,0.019995627991030263,4.692902780790184e-26,0.0,0.0,0.0,0.08443464128432472,28.934565644865696,0,4.372008971655895e-06,4,0.0,0.0,nan,0,0.0,0.0,nan,0
2.3909999999998477,approach,2.389999999999848,0.3499999999998823,-0.1499999999993602,0.019995627991030263,4.667704453073164e-26,0.0,0.0,0.0,0.08335795456529586,28.940538246390247,0,4.3720089726161925e-06,4,0.0,0.0,nan,0,0.0,0.0,nan,0
2.4009999999998466,approach,2.3999999999998467,0.34999999999988174,-0.14999999999935698,0.019995627991030263,4.7251781269688037e-26,0.0,0.0,0.0,0.08241871679697205,28.9475094327108,0,4.372008972161356e-06,4,0.0,0.0,nan,0,0.0,0.0,nan,0
2.4109999999998455,approach,2.4099999999998456,0.34999999999988124,-0.14999999999935443,0.019995627991030263,4.7752328345204615e-26,0.0,0.0,0.0,0.0816027698341423,28.955559300985755,0,4.37200897180816e-06,4,0.0,0.0,nan,0,0.0,0.0,nan,0
2.4209999999998444,approach,2.4199999999998445,0.3499999999998807,-0.14999999999935162,0.019995627991030263,4.726071193893208e-26,0.0,0.0,0.0,0.08089677046161536,28.964742041040143,0,4.372008972138931e-06,4,0.0,0.0,nan,0,0.0,0.0,nan,0
2.4309999999998433,approach,2.4299999999998434,0.34999999999988013,-0.14999999999934846,0.019995627991030263,4.6861343585451667e-26,0.0,0.0,0.0,0.08028828743303534,28.97509010419085,0,4.3720089715145245e-06,4,0.0,0.0,nan,0,0.0,0.0,nan,0
2.440999999999842,approach,2.4399999999998423,0.3499999999998796,-0.14999999999934513,0.019995627991030263,4.623331860830407e-26,0.0,0.0,0.0,0.07976585717208783,28.986617843878946,0,4.372008972641729e-06,4,0.0,0.0,nan,0,0.0,0.0,nan,0
2.450999999999841,approach,2.449999999999841,0.3499999999998791,-0.14999999999934271,0.019995627991030263,4.6311962427844735e-26,0.0,0.0,0.0,0.0793190047100669,28.999324682550792,0,4.37200897117068e-06,4,0.0,0.0,nan,0,0.0,0.0,nan,0
2.46099999999984,approach,2.45999999999984,0.3499999999998785,-0.14999999999933972,0.019995627991030263,4.620793438036532e-26,0.0,0.0,0.0,0.07893823651881698,29.013197855336358,0,4.372008972365087e-06,4,0.0,0.0,nan,0,0.0,0.0,nan,0
2.470999999999839,approach,2.469999999999839,0.34999999999987796,-0.14999999999933672,0.019995627991030263,4.539470447729791e-26,0.0,0.0,0.0,0.07861501159172801,29.028214777152932,0,4.372008972036078e-06,4,0.0,0.0,nan,0,0.0,0.0,nan,0
2.480999999999838,approach,2.479999999999838,0.3499999999998774,-0.1499999999993336,0.019995627991030263,4.4567237711790795e-26,0.0,0.0,0.0,0.07834169654382221,29.044345075986378,0,4.372008971343516e-06,4,0.0,0.0,nan,0,0.0,0.0,nan,0
2.4909999999998367,approach,2.489999999999837,0.3499999999998769,-0.1499999999993311,0.019995627991030263,4.382181961597022e-26,0.0,0.0,0.0,0.07811150975726783,29.0615523313329,0,4.3720089718775315e-06,4,0.0,0.0,nan,0,0.0,0.0,nan,0
2.5009999999998356,approach,2.4999999999998357,0.34999999999987635,-0.14999999999932814,0.019995627991030263,4.266898926522262e-26,0.0,0.0,0.0,0.07791845878643287,29.079795553161173,0,4.372008971403575e-06,4,0.0,0.0,nan,0,0.0,0.0,nan,0
2.5109999999998345,approach,2.5099999999998346,0.3499999999998758,-0.14999999999932492,0.019995627991030263,4.1964112217258466e-26,0.0,0.0,0.0,0.07775727442979277,29.099030433319523,0,4.372008972534189e-06,4,0.0,0.0,nan,0,0.0,0.0,nan,0
2.5209999999998334,approach,2.5199999999998335,0.34999999999987524,-0.1499999999993218,0.019995627991030263,4.2235795489298286e-26,0.0,0.0,0.0,0.07762334412449777,29.119210398077513,0,4.372008971865636e-06,4,0.0,0.0,nan,0,0.0,0.0,nan,0
2.5309999999998323,approach,2.5299999999998324,0.34999999999987474,-0.1499999999993192,0.019995627991030263,4.1494441023544324e-26,0.0,0.0,0.0,0.07751264665278912,29.139040549755997,0,4.372008972052619e-06,4,0.0,0.0,nan,0,0.0,0.0,nan,0
2.540999999999831,approach,2.5399999999998313,0.3499999999998742,-0.14999999999931646,0.019995627991030263,4.0244006299553596e-26,0.0,0.0,0.0,0.07742168958117415,29.159762945796572,0,4.372008971888401e-06,4,0.0,0.0,nan,0,0.0,0.0,nan,0
2.55099999999983,approach,2.54999999999983,0.34999999999987363,-0.14999999999931318,0.019995627991030263,3.929689701837712e-26,0.0,0.0,0.0,0.07734745038520252,29.181439634382688,0,4.372008972352534e-06,4,0.0,0.0,nan,0,0.0,0.0,nan,0
2.560999999999829,approach,2.559999999999829,0.3499999999998731,-0.14999999999930994,0.019995627991030263,3.910053132735099e-26,0.0,0.0,0.0,0.07728732183909262,29.20398828173911,0,4.372008972412711e-06,4,0.0,0.0,nan,0,0.0,0.0,nan,0
2.570999999999828,approach,2.569999999999828,0.3499999999998726,-0.1499999999993074,0.019995627991030263,3.9282316780926127e-26,0.0,0.0,0.0,0.0772390619602756,29.2273329082858,0,4.372008970986071e-06,4,0.0,0.0,nan,0,0.0,0.0,nan,0
2.5809999999998268,approach,2.579999999999827,0.349999999999872,-0.14999999999930458,0.019995627991030263,3.963933018736709e-26,0.0,0.0,0.0,0.07720074858210386,29.251781998580103,0,4.372008972305173e-06,4,0.0,0.0,nan,0,0.0,0.0,nan,0
2.5909999999998257,approach,2.5899999999998258,0.34999999999987147,-0.14999999999930166,0.019995627991030263,4.0011592784386805e-26,0.0,0.0,0.0,0.07717073847121879,29.276876246289135,0,4.372008971756359e-06,4,0.0,0.0,nan,0,0.0,0.0,nan,0
2.6009999999998246,approach,2.5999999999998247,0.3499999999998709,-0.14999999999929814,0.019995627991030263,4.1078327131624274e-26,0.0,0.0,0.0,0.07714763079771404,29.302543185399394,0,4.372008972688505e-06,4,0.0,0.0,nan,0,0.0,0.0,nan,0
2.6109999999998235,approach,2.6099999999998236,0.34999999999987036,-0.14999999999929559,0.019995627991030263,4.123176132711559e-26,0.0,0.0,0.0,0.07713023469593844,29.328741047385503,0,4.372008971341077e-06,4,0.0,0.0,nan,0,0.0,0.0,nan,0
2.6209999999998224,approach,2.6199999999998225,0.34999999999986986,-0.14999999999929273,0.019995627991030263,4.104821253866902e-26,0.0,0.0,0.0,0.07711754061258848,29.355429830034023,0,4.372008972094392e-06,4,0.0,0.0,nan,0,0.0,0.0,nan,0
2.6309999999998213,approach,2.6299999999998214,0.3499999999998693,-0.1499999999992897,0.019995627991030263,4.0104567979884414e-26,0.0,0.0,0.0,0.07710869511937883,29.382571351570782,0,4.372008972269613e-06,4,0.0,0.0,nan,0,0.0,0.0,nan,0
2.64099999999982,approach,2.6399999999998203,0.34999999999986875,-0.14999999999928643,0.019995627991030263,3.912199223839325e-26,0.0,0.0,0.0,0.0771029788639336,29.41012927597838,0,4.372008971571358e-06,4,0.0,0.0,nan,0,0.0,0.0,nan,0
2.650999999999819,approach,2.649999999999819,0.3499999999998682,-0.14999999999928354,0.019995627991030263,3.9080782610276557e-26,0.0,0.0,0.0,0.07709978734002229,29.4380691147271,0,4.372008971625718e-06,4,0.0,0.0,nan,0,0.0,0.0,nan,0
2.660999999999818,approach,2.659999999999818,0.3499999999998677,-0.14999999999928107,0.019995627991030263,3.9035426509591137e-26,0.0,0.0,0.0,0.07709861417311731,29.466358209393256,0,4.3720089714802e-06,4,0.0,0.0,nan,0,0.0,0.0,nan,0
2.670999999999817,approach,2.669999999999817,0.34999999999986714,-0.14999999999927785,0.019995627991030263,3.678631550817899e-26,0.0,0.0,0.0,0.07709903663674778,29.494965698991457,0,4.3720089725196096e-06,4,0.0,0.0,nan,0,0.0,0.0,nan,0
2.6809999999998158,approach,2.679999999999816,0.3499999999998666,-0.1499999999992747,0.019995627991030263,3.493613537684719e-26,0.0,0.0,0.0,0.07710070313718084,29.52386247527607,0,4.372008972106726e-06,4,0.0,0.0,nan,0,0.0,0.0,nan,0
2.6909999999998147,approach,2.6899999999998148,0.34999999999986603,-0.14999999999927155,0.019995627991030263,3.4197577098848206e-26,0.0,0.0,0.0,0.07710332242708605,29.55302112877231,0,4.372008971378647e-06,4,0.0,0.0,nan,0,0.0,0.0,nan,0
2.7009999999998136,approach,2.6999999999998137,0.34999999999986553,-0.14999999999926902,0.019995627991030263,3.3508082853189277e-26,0.0,0.0,0.0,0.07710665433196547,29.58241588786639,0,4.372008971910843e-06,4,0.0,0.0,nan,0,0.0,0.0,nan,0
2.7109999999998124,approach,2.7099999999998126,0.349999999999865,-0.14999999999926605,0.019995627991030263,3.115208456856935e-26,0.0,0.0,0.0,0.07676893828278174,29.673704861672952,0,4.372008971428009e-06,4,0.0,0.0,nan,0,0.0,0.0,nan,0
2.7209999999998113,approach,2.7199999999998115,0.3499999999998644,-0.1499999999992628,0.019995627991030263,2.8080202110403877e-26,0.0,0.0,0.0,0.07643606067005394,29.75353863371654,0,4.372008972574184e-06,4,0.0,0.0,nan,0,0.0,0.0,nan,0
2.7309999999998102,approach,2.7299999999998104,0.34999999999986386,-0.14999999999925964,0.019995627991030263,2.6167054650883204e-26,0.0,0.0,0.0,0.07611042337981334,29.823575095058196,0,4.372008971895906e-06,4,0.0,0.0,nan,0,0.0,0.0,nan,0
2.740999999999809,approach,2.7399999999998093,0.34999999999986336,-0.14999999999925706,0.019995627991030263,2.4089079984344007e-26,0.0,0.0,0.0,0.07579389346925422,29.885259215142753,0,4.3720089720857584e-06,4,0.0,0.0,nan,0,0.0,0.0,nan,0
2.750999999999808,approach,2.749999999999808,0.3499999999998628,-0.14999999999925426,0.019995627991030263,2.2645159903634255e-26,0.0,0.0,0.0,0.07548788497230723,29.93984858371976,0,4.372008971918839e-06,4,0.0,0.0,nan,0,0.0,0.0,nan,0
2.760999999999807,approach,2.759999999999807,0.34999999999986225,-0.14999999999925093,0.019995627991030263,1.9262971150039848e-26,0.0,0.0,0.0,0.07519343066886916,29.988436025748527,0,4.372008972388384e-06,4,0.0,0.0,nan,0,0.0,0.0,nan,0
2.770999999999806,approach,2.769999999999806,0.3499999999998617,-0.14999999999924826,0.019995627991030263,1.8292628431484027e-26,0.0,0.0,0.0,0.07491124465781658,30.03196961123134,0,4.3720089714840584e-06,4,0.0,0.0,nan,0,0.0,0.0,nan,0
2.7809999999998047,approach,2.779999999999805,0.34999999999986126,-0.14999999999924557,0.019995627991030263,1.7824053692318002e-26,0.0,0.0,0.0,0.07464177660323854,30.071270348458185,0,4.372008971249118e-06,4,0.0,0.0,nan,0,0.0,0.0,nan,0
2.7909999999998036,approach,2.7899999999998037,0.3499999999998607,-0.1499999999992425,0.019995627991030263,1.7640929314480215e-26,0.0,0.0,0.0,0.07438525851409007,30.107047818732116,0,4.3720089724422e-06,4,0.0,0.0,nan,0,0.0,0.0,nan,0
2.8009999999998025,approach,2.7999999999998026,0.34999999999986015,-0.14999999999923946,0.019995627991030263,1.6871499482609892e-26,0.0,0.0,0.0,0.0741417448831172,30.139913983139955,0,4.372008971816631e-06,4,0.0,0.0,nan,0,0.0,0.0,nan,0
2.8109999999998014,approach,2.8099999999998015,0.3499999999998596,-0.1499999999992363,0.019995627991030263,1.7061016682405422e-26,0.0,0.0,0.0,0.073911146961,30.170395367125774,0,4.372008971611409e-06,4,0.0,0.0,nan,0,0.0,0.0,nan,0
2.8209999999998003,approach,2.8199999999998004,0.3499999999998591,-0.14999999999923383,0.019995627991030263,1.7393167957347084e-26,0.0,0.0,0.0,0.07369326188291735,30.198943806320777,0,4.3720089716885474e-06,4,0.0,0.0,nan,0,0.0,0.0,nan,0
2.8309999999997992,approach,2.8299999999997993,0.34999999999985854,-0.14999999999923072,0.019995627991030263,1.590712750214463e-26,0.0,0.0,0.0,0.07348779730193646,30.225945917063928,0,4.372008972255109e-06,4,0.0,0.0,nan,0,0.0,0.0,nan,0
2.840999999999798,approach,2.8399999999997982,0.349999999999858,-0.14999999999922758,0.019995627991030263,1.5579447614326284e-26,0.0,0.0,0.0,0.07329439212003157,30.25173143711035,0,4.372008972350155e-06,4,0.0,0.0,nan,0,0.0,0.0,nan,0
2.850999999999797,approach,2.849999999999797,0.3499999999998574,-0.14999999999922448,0.019995627991030263,1.523535587292051e-26,0.0,0.0,0.0,0.07311263384543953,30.276580565969226,0,4.372008971612841e-06,4,0.0,0.0,nan,0,0.0,0.0,nan,0
2.860999999999796,approach,2.859999999999796,0.3499999999998569,-0.14999999999922187,0.019995627991030263,1.5088993451328033e-26,0.0,0.0,0.0,0.07294207304591437,30.30073041996646,0,4.372008972050129e-06,4,0.0,0.0,nan,0,0.0,0.0,nan,0
2.870999999999795,approach,2.869999999999795,0.34999999999985637,-0.14999999999921912,0.019995627991030263,1.4751224783706347e-26,0.0,0.0,0.0,0.07278223531217226,30.32438070430901,0,4.372008971656154e-06,4,0.0,0.0,nan,0,0.0,0.0,nan,0
2.8809999999997937,approach,2.879999999999794,0.3499999999998558,-0.14999999999921573,0.019995627991030263,1.4220481745606813e-26,0.0,0.0,0.0,0.07263263109495675,30.34769869299389,0,4.372008972617741e-06,4,0.0,0.0,nan,0,0.0,0.0,nan,0
2.8909999999997926,approach,2.8899999999997927,0.34999999999985526,-0.1499999999992125,0.019995627991030263,1.4454356460803697e-26,0.0,0.0,0.0,0.07249276373286749,30.370823597204126,0,4.372008972162855e-06,4,0.0,0.0,nan,0,0.0,0.0,nan,0
2.9009999999997915,approach,2.8999999999997916,0.34999999999985476,-0.14999999999920996,0.019995627991030263,1.4808865361339545e-26,0.0,0.0,0.0,0.0723621359464543,30.39387477507973,0,4.3720089718091725e-06,4,0.0,0.0,nan,0,0.0,0.0,nan,0
2.9109999999997904,approach,2.9099999999997905,0.3499999999998542,-0.14999999999920716,0.019995627991030263,1.499593112260006e-26,0.0,0.0,0.0,0.07224025503686496,30.417024692733296,0,4.372008972140201e-06,4,0.0,0.0,nan,0,0.0,0.0,nan,0
2.9209999999997893,approach,2.9199999999997894,0.34999999999985365,-0.149999999999204,0.019995627991030263,1.5153347881134772e-26,0.0,0.0,0.0,0.07212663699438342,30.440267412696546,0,4.372008971515927e-06,4,0.0,0.0,nan,0,0.0,0.0,nan,0
2.930999999999788,approach,2.9299999999997883,0.3499999999998531,-0.14999999999920063,0.019995627991030263,1.5409072757006062e-26,0.0,0.0,0.0,0.07202080969315636,30.46366276704395,0,4.372008972643474e-06,4,0.0,0.0,nan,0,0.0,0.0,nan,0
2.940999999999787,approach,2.9399999999997872,0.3499999999998526,-0.14999999999919822,0.019995627991030263,1.5243851375580468e-26,0.0,0.0,0.0,0.07192231532299351,30.48725757519778,0,4.372008971170837e-06,4,0.0,0.0,nan,0,0.0,0.0,nan,0
2.950999999999786,approach,2.949999999999786,0.34999999999985204,-0.14999999999919522,0.019995627991030263,1.4228244798475788e-26,0.0,0.0,0.0,0.07183071218696947,30.51108758038494,0,4.37200897236231e-06,4,0.0,0.0,nan,0,0.0,0.0,nan,0
2.960999999999785,approach,2.959999999999785,0.3499999999998515,-0.14999999999919225,0.019995627991030263,1.3782079428889166e-26,0.0,0.0,0.0,0.07174557597433451,30.535179132957214,0,4.372008972032825e-06,4,0.0,0.0,nan,0,0.0,0.0,nan,0
2.970999999999784,approach,2.969999999999784,0.34999999999985093,-0.1499999999991888,0.019995627991030263,1.3608315004563938e-26,0.0,0.0,0.0,0.07166650060164788,30.55955065161429,0,4.372008972457986e-06,4,0.0,0.0,nan,0,0.0,0.0,nan,0
2.9809999999997827,approach,2.979999999999783,0.3499999999998504,-0.14999999999918612,0.019995627991030263,1.4099318969272963e-26,0.0,0.0,0.0,0.07159309870073731,30.584213889899463,0,4.372008971519386e-06,4,0.0,0.0,nan,0,0.0,0.0,nan,0
2.9909999999997816,approach,2.9899999999997817,0.3499999999998499,-0.1499999999991834,0.019995627991030263,1.5755643526046733e-26,0.0,0.0,0.0,0.07152500181981468,30.609175032091805,0,4.372008971274651e-06,4,0.0,0.0,nan,0,0.0,0.0,nan,0
3.0009999999997805,approach,2.9999999999997806,0.3499999999998493,-0.14999999999918026,0.019995627991030263,1.7653085819954656e-26,0.0,0.0,0.0,0.0714618603935783,30.634435639750354,0,4.372008972483429e-06,4,0.0,0.0,nan,0,0.0,0.0,nan,0
3.0109999999997794,approach,3.0099999999997795,0.34999999999984877,-0.14999999999917718,0.019995627991030263,1.8172653256269594e-26,0.0,0.0,0.0,0.07140334352915974,30.659993467626286,0,4.372008971847627e-06,4,0.0,0.0,nan,0,0.0,0.0,nan,0
3.0209999999997783,approach,3.0199999999997784,0.34999999999984827,-0.1499999999991746,0.019995627991030263,1.763587478444347e-26,0.0,0.0,0.0,0.07134913864713897,30.68584316541514,0,4.372008972046515e-06,4,0.0,0.0,nan,0,0.0,0.0,nan,0
3.030999999999777,approach,3.0299999999997773,0.3499999999998477,-0.14999999999917185,0.019995627991030263,1.6990944931535563e-26,0.0,0.0,0.0,0.07129895101035326,30.711976879842375,0,4.3720089718847186e-06,4,0.0,0.0,nan,0,0.0,0.0,nan,0
3.040999999999776,approach,3.039999999999776,0.34999999999984716,-0.14999999999916858,0.019995627991030263,1.6156398396896887e-26,0.0,0.0,0.0,0.07125250316772164,30.738384769824687,0,4.372008972348197e-06,4,0.0,0.0,nan,0,0.0,0.0,nan,0
3.050999999999775,approach,3.049999999999775,0.3499999999998466,-0.14999999999916533,0.019995627991030263,1.6807667962652448e-26,0.0,0.0,0.0,0.0712095343356588,30.76505544590504,0,4.372008972407467e-06,4,0.0,0.0,nan,0,0.0,0.0,nan,0
3.060999999999774,approach,3.059999999999774,0.3499999999998461,-0.1499999999991628,0.019995627991030263,1.801743806983588e-26,0.0,0.0,0.0,0.07116979973568716,30.79197634379784,0,4.372008970983265e-06,4,0.0,0.0,nan,0,0.0,0.0,nan,0
3.070999999999773,approach,3.069999999999773,0.34999999999984555,-0.14999999999915997,0.019995627991030263,1.9567816513723535e-26,0.0,0.0,0.0,0.07113306990355735,30.81913404067875,0,4.372008972299468e-06,4,0.0,0.0,nan,0,0.0,0.0,nan,0
3.0809999999997717,approach,3.079999999999772,0.349999999999845,-0.14999999999915706,0.019995627991030263,1.885277936122437e-26,0.0,0.0,0.0,0.07109912998236965,30.84651452179141,0,4.372008971752521e-06,4,0.0,0.0,nan,0,0.0,0.0,nan,0
3.0909999999997706,approach,3.0899999999997707,0.34999999999984444,-0.14999999999915356,0.019995627991030263,1.888976570713094e-26,0.0,0.0,0.0,0.07106777900985158,30.874103404014114,0,4.372008972683062e-06,4,0.0,0.0,nan,0,0.0,0.0,nan,0
3.1009999999997695,approach,3.0999999999997696,0.3499999999998439,-0.149999999999151,0.019995627991030263,1.8777854048671807e-26,0.0,0.0,0.0,0.07103882920795003,30.901886122199986,0,4.372008971338828e-06,4,0.0,0.0,nan,0,0.0,0.0,nan,0
3.1109999999997684,approach,3.1099999999997685,0.3499999999998434,-0.14999999999914815,0.019995627991030263,1.674571666371366e-26,0.0,0.0,0.0,0.07101210528126545,30.92984808338558,0,4.372008972092696e-06,4,0.0,0.0,nan,0,0.0,0.0,nan,0
3.1209999999997673,approach,3.1199999999997674,0.3499999999998428,-0.14999999999914512,0.019995627991030263,1.410902587708983e-26,0.0,0.0,0.0,0.07098744372945023,30.957974793318332,0,4.372008972267596e-06,4,0.0,0.0,nan,0,0.0,0.0,nan,0
3.130999999999766,approach,3.1299999999997663,0.34999999999984227,-0.14999999999914185,0.019995627991030263,1.1420173506763176e-26,0.0,0.0,0.0,0.07096469217754668,30.986251959195766,0,4.372008971569965e-06,4,0.0,0.0,nan,0,0.0,0.0,nan,0
3.140999999999765,approach,3.139999999999765,0.3499999999998417,-0.14999999999913896,0.019995627991030263,1.0813252748945295e-26,0.0,0.0,0.0,0.07094370872728684,31.01466557201319,0,4.372008971624549e-06,4,0.0,0.0,nan,0,0.0,0.0,nan,0
3.150999999999764,approach,3.149999999999764,0.3499999999998412,-0.1499999999991365,0.019995627991030263,1.0308387148548082e-26,0.0,0.0,0.0,0.07092436133155891,31.04320197148141,0,4.3720089714794235e-06,4,0.0,0.0,nan,0,0.0,0.0,nan,0
3.160999999999763,approach,3.159999999999763,0.34999999999984066,-0.14999999999913327,0.019995627991030263,9.219458783515373e-27,0.0,0.0,0.0,0.07090652719361133,31.071847896095203,0,4.37200897251839e-06,4,0.0,0.0,nan,0,0.0,0.0,nan,0
3.170999999999762,approach,3.169999999999762,0.3499999999998401,-0.14999999999913016,0.019995627991030263,7.949133536386765e-27,0.0,0.0,0.0,0.07089009219199659,31.10059052059655,0,4.372008972105559e-06,4,0.0,0.0,nan,0,0.0,0.0,nan,0
3.1809999999997607,approach,3.179999999999761,0.34999999999983955,-0.149999999999127,0.019995627991030263,6.934552311265572e-27,0.0,0.0,0.0,0.07087495033183315,31.129417482782547,0,4.372008971377902e-06,4,0.0,0.0,nan,0,0.0,0.0,nan,0
3.1909999999997596,approach,3.1899999999997597,0.34999999999983905,-0.14999999999912447,0.019995627991030263,6.416885400394025e-27,0.0,0.0,0.0,0.07086100322259013,31.158316901349657,0,4.37200897191138e-06,4,0.0,0.0,nan,0,0.0,0.0,nan,0
3.2009999999997585,approach,3.1999999999997586,0.3499999999998385,-0.1499999999991215,0.019995627991030263,5.883482274013851e-27,0.0,0.0,0.0,0.07084815958230914,31.187277386238396,0,4.372008971427933e-06,4,0.0,0.0,nan,0,0.0,0.0,nan,0
3.2109999999997574,approach,3.2099999999997575,0.34999999999983794,-0.14999999999911826,0.019995627991030263,5.0101999462530865e-27,0.0,0.0,0.0,0.06729093125680138,31.600945777005876,0,4.372008972573483e-06,4,0.0,0.0,nan,0,0.0,0.0,nan,0
3.2209999999997563,approach,3.2199999999997564,0.3499999999998374,-0.1499999999991151,0.019995627991030263,5.916222082086401e-27,0.0,0.0,0.0,0.06376946223619244,31.9391118771896,0,4.372008971895281e-06,4,0.0,0.0,nan,0,0.0,0.0,nan,0
3.230999999999755,approach,3.2299999999997553,0.3499999999998369,-0.1499999999991125,0.019995627991030263,8.055470410754807e-27,0.0,0.0,0.0,0.0603093927006203,32.20705015791406,0,4.372008972084435e-06,4,0.0,0.0,nan,0,0.0,0.0,nan,0
3.240999999999754,approach,3.239999999999754,0.34999999999983633,-0.14999999999910973,0.019995627991030263,9.168871678583465e-27,0.0,0.0,0.0,0.056931111489491544,32.42092060665671,0,4.372008971917761e-06,4,0.0,0.0,nan,0,0.0,0.0,nan,0
3.250999999999753,approach,3.249999999999753,0.3499999999998358,-0.1499999999991064,0.019995627991030263,8.580081531528702e-27,0.0,0.0,0.0,0.05365053037502253,32.59199759973969,0,4.372008972388322e-06,4,0.0,0.0,nan,0,0.0,0.0,nan,0
3.260999999999752,approach,3.259999999999752,0.3499999999998352,-0.14999999999910374,0.019995627991030263,8.016885155256648e-27,0.0,0.0,0.0,0.05047975761704608,32.726990627405954,0,4.372008971484269e-06,4,0.0,0.0,nan,0,0.0,0.0,nan,0
3.2709999999997508,approach,3.269999999999751,0.3499999999998347,-0.14999999999910105,0.019995627991030263,6.769798694658511e-27,0.0,0.0,0.0,0.04742768306737262,32.830628597227324,0,4.372008971249225e-06,4,0.0,0.0,nan,0,0.0,0.0,nan,0
3.2809999999997497,approach,3.27999999999975,0.34999999999983417,-0.14999999999909797,0.019995627991030263,6.48714475427136e-27,0.0,0.0,0.0,0.044500485656192273,32.907047898170305,0,4.372008972440942e-06,4,0.0,0.0,nan,0,0.0,0.0,nan,0
3.2909999999997486,approach,3.2899999999997487,0.3499999999998336,-0.14999999999909494,0.019995627991030263,7.43705874431696e-27,0.0,0.0,0.0,0.04170207282087953,32.960134203622204,0,4.372008971815441e-06,4,0.0,0.0,nan,0,0.0,0.0,nan,0
3.3009999999997475,approach,3.2999999999997476,0.34999999999983306,-0.14999999999909178,0.019995627991030263,7.683260107375824e-27,0.0,0.0,0.0,0.03903446031075061,32.99347468872005,0,4.372008971609893e-06,4,0.0,0.0,nan,0,0.0,0.0,nan,0
3.3109999999997464,approach,3.3099999999997465,0.34999999999983256,-0.1499999999990893,0.019995627991030263,7.077347519610292e-27,0.0,0.0,0.0,0.03649809980353177,33.01027789780485,0,4.372008971686407e-06,4,0.0,0.0,nan,0,0.0,0.0,nan,0
3.3209999999997453,approach,3.3199999999997454,0.349999999999832,-0.1499999999990862,0.019995627991030263,6.583293234106793e-27,0.0,0.0,0.0,0.03409216088606618,33.01335276348048,0,4.372008972252134e-06,4,0.0,0.0,nan,0,0.0,0.0,nan,0
3.330999999999744,approach,3.3299999999997443,0.34999999999983145,-0.14999999999908306,0.019995627991030263,6.625410698831691e-27,0.0,0.0,0.0,0.03181477317024053,33.00513274210506,0,4.3720089723468335e-06,4,0.0,0.0,nan,0,0.0,0.0,nan,0
3.340999999999743,approach,3.339999999999743,0.3499999999998309,-0.14999999999907998,0.019995627991030263,6.4125358447216754e-27,0.0,0.0,0.0,0.029663233623761096,32.987716753191066,0,4.3720089716101e-06,4,0.0,0.0,nan,0,0.0,0.0,nan,0
3.350999999999742,approach,3.349999999999742,0.3499999999998304,-0.14999999999907737,0.019995627991030263,5.868789413542378e-27,0.0,0.0,0.0,0.02763418358413379,32.96290284985414,0,4.372008972046894e-06,4,0.0,0.0,nan,0,0.0,0.0,nan,0
3.360999999999741,approach,3.359999999999741,0.34999999999982984,-0.14999999999907465,0.019995627991030263,5.609754535790389e-27,0.0,0.0,0.0,0.02572375938386939,32.93224083863982,0,4.372008971653519e-06,4,0.0,0.0,nan,0,0.0,0.0,nan,0
3.3709999999997398,approach,3.36999999999974,0.3499999999998293,-0.14999999999907127,0.019995627991030263,6.650243527293928e-27,0.0,0.0,0.0,0.023927720037579498,32.897063964755546,0,4.372008972613187e-06,4,0.0,0.0,nan,0,0.0,0.0,nan,0
3.3809999999997387,approach,3.3799999999997388,0.3499999999998287,-0.14999999999906805,0.019995627991030263,7.776427511231801e-27,0.0,0.0,0.0,0.02224155502002584,32.858500874504266,0,4.372008972159123e-06,4,0.0,0.0,nan,0,0.0,0.0,nan,0
3.3909999999997376,approach,3.3899999999997377,0.3499999999998282,-0.1499999999990655,0.019995627991030263,8.821046665317141e-27,0.0,0.0,0.0,0.02066057479204841,32.81750859978672,0,4.3720089718062545e-06,4,0.0,0.0,nan,0,0.0,0.0,nan,0
3.4009999999997365,approach,3.3999999999997366,0.34999999999982767,-0.1499999999990627,0.019995627991030263,9.144662244126711e-27,0.0,0.0,0.0,0.019179986402935174,32.77489442232349,0,4.372008972136564e-06,4,0.0,0.0,nan,0,0.0,0.0,nan,0
3.4109999999997354,approach,3.4099999999997355,0.3499999999998271,-0.14999999999905952,0.019995627991030263,8.03975585881715e-27,0.0,0.0,0.0,0.01779495620822914,32.73133527869475,0,4.372008971512892e-06,4,0.0,0.0,nan,0,0.0,0.0,nan,0
3.4209999999997343,approach,3.4199999999997344,0.34999999999982656,-0.1499999999990562,0.019995627991030263,6.477234120817887e-27,0.0,0.0,0.0,0.016500661486726735,32.6873949362209,0,4.372008972638055e-06,4,0.0,0.0,nan,0,0.0,0.0,nan,0
3.430999999999733,approach,3.4299999999997333,0.34999999999982606,-0.14999999999905378,0.019995627991030263,5.677044526837676e-27,0.0,0.0,0.0,0.015292332515581876,32.64438539302013,0,4.3720089711687e-06,4,0.0,0.0,nan,0,0.0,0.0,nan,0
3.440999999999732,approach,3.439999999999732,0.3499999999998255,-0.14999999999905078,0.019995627991030263,3.629136614847525e-27,0.0,0.0,0.0,0.014165286464458991,32.601814990911365,0,4.372008972360596e-06,4,0.0,0.0,nan,0,0.0,0.0,nan,0
3.450999999999731,approach,3.449999999999731,0.34999999999982495,-0.1499999999990478,0.019995627991030263,3.817705186088446e-27,0.0,0.0,0.0,0.013114954295493933,32.55997533829578,0,4.3720089720319295e-06,4,0.0,0.0,nan,0,0.0,0.0,nan,0
3.46099999999973,approach,3.45999999999973,0.3499999999998244,-0.14999999999904437,0.019995627991030263,5.014987296069071e-27,0.0,0.0,0.0,0.01213690170264982,32.51911272098639,0,4.37200897245662e-06,4,0.0,0.0,nan,0,0.0,0.0,nan,0
3.4709999999997287,approach,3.469999999999729,0.34999999999982384,-0.14999999999904168,0.019995627991030263,5.318496834631434e-27,0.0,0.0,0.0,0.01122684498945642,32.47942010746469,0,4.372008971518784e-06,4,0.0,0.0,nan,0,0.0,0.0,nan,0
3.4809999999997276,approach,3.4799999999997278,0.34999999999982334,-0.14999999999903896,0.019995627991030263,5.688466837373467e-27,0.0,0.0,0.0,0.01038066266593361,32.44104499430461,0,4.372008971274616e-06,4,0.0,0.0,nan,0,0.0,0.0,nan,0
3.4909999999997265,approach,3.4899999999997267,0.3499999999998228,-0.14999999999903585,0.019995627991030263,6.534499025822833e-27,0.0,0.0,0.0,0.009594403441784641,32.404096259073626,0,4.372008972483551e-06,4,0.0,0.0,nan,0,0.0,0.0,nan,0
3.5009999999997254,approach,3.4999999999997256,0.34999999999982223,-0.14999999999903277,0.019995627991030263,7.506430438965522e-27,0.0,0.0,0.0,0.008864291202033659,32.368650135249055,0,4.3720089718473974e-06,4,0.0,0.0,nan,0,0.0,0.0,nan,0
3.5109999999997243,approach,3.5099999999997245,0.34999999999982173,-0.1499999999990302,0.019995627991030263,8.662521691762576e-27,0.0,0.0,0.0,0.008186727471618008,32.33475541135014,0,4.3720089720453e-06,4,0.0,0.0,nan,0,0.0,0.0,nan,0
3.5209999999997232,approach,3.5199999999997234,0.3499999999998212,-0.14999999999902744,0.019995627991030263,9.850510939999538e-27,0.0,0.0,0.0,0.007558291805753538,32.30243794540631,0,4.372008971883443e-06,4,0.0,0.0,nan,0,0.0,0.0,nan,0
3.530999999999722,approach,3.5299999999997222,0.3499764863686321,-0.15010661591573027,0.020011705951892823,-0.00042508535408663676,0.0,0.0,0.0,0.006975130949495309,32.26153078623355,0,9.705182290535705e-05,3,0.0,0.0,nan,0,4.943591222867564,3.0169386213327005,0.762840839109343,1
3.540999999999721,approach,3.539999999999721,0.3497778503979125,-0.15081037967625918,0.020057715577172716,-0.003125912685404765,0.0,0.0,0.0,0.00641800400959737,31.720640456237966,0,3.423799035056968e-05,1,0.0,0.0,nan,0,0.26891047001425955,0.09788598485632805,0.45501196388493825,1
3.55099999999972,approach,3.54999999999972,0.3496074033601357,-0.15135237593691553,0.020005952758721354,-0.007959140527175612,0.0,0.0,0.0,0.005902365064658238,34.651453085555694,0,4.05702863221701e-05,4,0.0,0.0,nan,0,7.877721941447615,6.302177553158092,1.0,1
3.560999999999719,approach,3.559999999999719,0.34945995029165927,-0.15199906329177568,0.020042053623704207,-0.011067056494017652,0.0,0.0,0.0,0.005412920206706542,31.016157991870983,0,1.7037214207469894e-05,2,0.0,0.0,nan,0,2.552197671099899,1.9074600913967978,0.9342243123427211,1
3.5709999999997177,approach,3.569999999999718,0.34949486229598953,-0.1520682963112541,0.019960977663052364,-0.01252126153840686,0.0,0.0,0.0,0.004884415402558927,57.47596259323002,0,0.000570834447626351,6,39.12057694922883,3.9760053956438273,0.1270432885231964,1,34.2570763522934,2.7439604388227514,0.10012385509071077,1
3.5809999999997166,approach,3.5799999999997167,0.349501579939226,-0.15208548531737714,0.019910978473750906,-0.014019605435005616,0.0,0.0,0.0,0.004416620152238686,124.96055251561725,0,0.0010847706076924193,7,91.60943426534027,10.639451240147755,0.1451740659336916,1,85.2010378515027,7.450786000520775,0.10931184332382761,2
3.5909999999997155,approach,3.5899999999997156,0.34949863616011706,-0.15215187942355682,0.0198577344701925,-0.016533967259188254,0.0,0.0,0.0,0.004010519455781058,142.27775501960684,1,0.0016015181076682612,7,105.18593738399804,8.147574397798644,0.09682347517680315,1,102.95841793481095,8.590149387446397,0.10429148922147055,2
3.6009999999997144,approach,3.5999999999997145,0.3494926054458645,-0.15221790751862513,0.01982079441222846,-0.019168498372766282,0.0,0.0,0.0,0.0036594681832355417,142.0922410791389,1,0.0017755569817342709,7,104.28506391551277,5.734659127497477,0.06873778123374706,1,102.0761378788105,8.832547877175,0.10816127134019077,2
3.6109999999997133,approach,3.6099999999997134,0.3494866278631228,-0.15227438512270708,0.019808091757957936,-0.02178438004985747,0.0,0.0,0.0,0.003364999475490963,142.09569439783567,1,0.0017996718879811251,7,103.69489253843427,5.928923713271414,0.07147077797339285,1,101.91862289043215,8.963611993848772,0.10993589468292174,2
3.6209999999997122,approach,3.6199999999997123,0.3494809734628668,-0.15232424694077504,0.01980802563202595,-0.0244033956132839,0.0,0.0,0.0,0.0031554348656583544,142.1691224750508,1,0.0017973678059243344,7,103.20766659494684,6.036777961526324,0.07311445652117246,1,102.00266697561334,8.932484902405001,0.1094638646132234,2
3.630999999999711,approach,3.6299999999997112,0.34947550457123217,-0.1523716821294501,0.019812656401330068,-0.027042215831856183,0.0,0.0,0.0,0.0031167452305137775,142.2853327985149,1,0.0017896017213780548,7,102.6315017923721,5.966020514778678,0.07266312499801707,1,102.15345304238141,8.894810347497295,0.10884128341465629,2
3.64099999999971,approach,3.63999999999971,0.34947048130278474,-0.15242011296111518,0.019818932285745473,-0.029707624331085907,0.0,0.0,0.0,0.0034450594471230078,142.46270718527444,1,0.0017792009853237112,7,101.92241398233286,5.9509400506877475,0.07298370174639994,1,102.44776208009571,8.953024822852779,0.10923890186899744,2
3.650999999999709,approach,3.649999999999709,0.34946583134068926,-0.1524756165051265,0.01982743069718739,-0.03246129708830292,0.0,0.0,0.0,0.004477568862270963,142.7653775169594,1,0.001766359454036383,7,101.03726706886107,6.243514167288518,0.07724271385717145,1,102.96526221703016,9.177291348308177,0.11141246997657671,2
3.660999999999708,approach,3.659999999999708,0.3494632044870417,-0.15254421361127674,0.019836988425020526,-0.03532647019452785,0.0,0.0,0.0,0.006629883315415094,143.3291641565327,1,0.0017495772310216647,7,99.82772705357405,6.612986133071692,0.08280497723747048,1,103.86031063184215,9.619812324603519,0.11577825381611913,2
3.6709999999997067,approach,3.669999999999707,0.34946565231689203,-0.15263117991661213,0.019845829756375586,-0.03828110965132879,0.0,0.0,0.0,0.010436505405021392,144.43562038082445,1,0.0017267755931464595,7,98.18075901088388,7.164020389981779,0.09120957688343508,1,105.31932610944617,10.674313553862266,0.1266898719847686,2
3.6809999999997056,approach,3.6799999999997057,0.3494730683992736,-0.15278814782801187,0.019868770542502905,-0.041573980945091744,0.0,0.0,0.0,0.016577659387760773,136.8564062580292,1,0.0016524902103686992,7,86.44760700606241,9.01184706308416,0.13030793123128578,1,105.01030581874325,18.16696556527959,0.21625217429417504,2
3.6909999999997045,approach,3.6899999999997046,0.34946621982984144,-0.15334173866011203,0.01999267822420761,-0.04725620461846753,0.0,0.0,0.0,0.025141900771124437,126.66162536553023,1,0.0016353549474118125,5,69.93645451261308,19.931787437730527,0.3562481751583471,1,100.46168546106149,24.112844933761135,0.300025388075775,2
3.7009999999997034,approach,3.6999999999997035,0.3491522096177729,-0.1551103908849556,0.02010976138264177,-0.056683114215897286,0.0,0.0,0.0,0.03531013038369262,155.70063216446712,1,0.0015199785994412227,5,88.6921868153449,21.279715485636977,0.2999096686208231,1,106.69138481780615,18.829052871768653,0.2206018426877026,3
3.7109999999997023,approach,3.7099999999997024,0.3486927037344164,-0.15775013895413165,0.020319378023209263,-0.06255814346978436,0.0,0.0,0.0,0.04749877736750783,160.79753889521734,1,0.00162805304494956,4,93.90120388077935,15.656510394642874,0.2084173278348086,1,94.78951426670906,23.932236076515665,0.31559709243231243,3
3.720999999999701,approach,3.7199999999997013,0.3479794365774758,-0.16102824306686916,0.020737566752371994,-0.06659292459491317,0.0,0.0,0.0,0.06165640672458276,209.04331133379648,1,0.00153811081934061,7,104.13579214872689,6.002490945393236,0.07205124700089269,3,99.92857669011494,20.451949353995225,0.2558320906718463,4
3.7309999999997,approach,3.7299999999997,0.3470904406783188,-0.1649558971024189,0.021372971902478423,-0.06569620791621533,0.0,0.0,0.0,0.0766978091425443,223.30013609670007,1,0.0013372608594515634,7,97.92776599483244,5.858510946655983,0.07478102465552429,3,93.3960328394038,19.500182233704397,0.2609878284021351,4
3.740999999999699,approach,3.739999999999699,0.34591782775303936,-0.17006638117625728,0.02229634518348672,-0.06514109721999084,0.0,0.0,0.0,0.09160881355253668,168.50062398718757,1,0.001064993405629685,5,64.02299952601354,6.785087413928624,0.13247363182296187,3,52.24319416581197,15.036322810820847,0.35976750299517096,2
3.750999999999698,approach,3.749999999999698,0.34458867796825887,-0.17556625421034608,0.02333425478547679,-0.06379471368985054,0.0,0.0,0.0,0.10712568017360441,168.8495634392528,1,0.0009341704975518824,5,64.25339872040638,6.764838466227475,0.1316046816384013,3,52.095937003881225,14.673279192862045,0.3520735021948272,2
3.760999999999697,approach,3.759999999999697,0.3430947041582727,-0.1810720295660773,0.02441566819551774,-0.061952820907284156,0.0,0.0,0.0,0.12368477067257647,174.88830840687817,1,0.0009069453939727231,5,67.63135389831439,7.415499224095662,0.13705734834255037,3,53.98309865023132,15.118853085642147,0.3500830228272141,2
3.7709999999996957,approach,3.769999999999696,0.3415288148467773,-0.1861778931132421,0.025452373389040658,-0.059711776564406564,0.0,0.0,0.0,0.14086431485042594,173.6792683296245,1,0.0009332291412126237,5,64.56627666917677,7.023632179605241,0.13597717999894837,3,52.077768644984886,14.178832221690268,0.34032833468604495,2
3.7809999999996946,approach,3.7799999999996947,0.33979321378727717,-0.19072531620123995,0.02638379241455975,-0.05713490432781576,0.0,0.0,0.0,0.15853096439401201,176.36041237835576,1,0.0008991062460891352,6,64.0679106666484,6.961857636616198,0.13582965255491597,3,51.4427531084996,13.656538351685805,0.3318382455853974,3
3.7909999999996935,approach,3.7899999999996936,0.33784557437999146,-0.1945348102760502,0.027193008384458622,-0.05443304661543667,0.0,0.0,0.0,0.17560808783350432,175.14033530505063,1,0.0008815039506268234,7,64.12411702657985,6.647132274217311,0.12957551274082324,3,51.68966604868997,13.160676171812117,0.31826178175090136,4
3.8009999999996924,approach,3.7999999999996925,0.3359976564730816,-0.19758063480179758,0.027900098615467595,-0.05145465518312549,0.0,0.0,0.0,0.19196363436932054,177.61266145902493,1,0.0008948891080539219,7,67.49275751172779,6.47134876534577,0.11985265167564987,3,55.552714715685845,13.018477940931312,0.2929307327184368,4
3.8109999999996913,grasp,3.8099999999996914,0.33405894999460345,-0.19994248969494124,0.02849432689079166,-0.04870414921044347,0.0,0.0,0.0,0.2073645193884145,175.1744604559729,1,0.000856533116777087,7,65.08602274529873,6.389310894320415,0.12270896701054614,3,52.937040840779396,12.535485502241418,0.29599986378027904,4
3.82099999999969,grasp,3.8199999999996903,0.33210749655531036,-0.20186860771452927,0.02900803575295749,-0.04589044919922125,0.0,0.0,0.0,0.22178520520807637,175.1523344024043,1,0.0008367702126618581,7,65.3090735511464,6.309396143875215,0.12076032855783145,3,53.18702563800364,12.276685118150656,0.2885263128292564,4
3.830999999999689,grasp,3.829999999999689,0.33016450131241476,-0.2034112534783819,0.029427766769135697,-0.042979521120080556,0.0,0.0,0.0,0.23533477318279036,175.1927441798255,1,0.0008257733539512063,7,65.39489940891664,6.252581918714599,0.11951585626764598,3,53.30225003482102,12.061352733555712,0.2828528046582539,4
3.840999999999688,grasp,3.839999999999688,0.3282394054241927,-0.20460387613892442,0.029743910897788415,-0.03996041105246725,0.0,0.0,0.0,0.24810939764164208,175.27123604496782,1,0.0008166594314874105,7,65.46625642027729,6.204381065871433,0.11846524845641146,3,53.39669457905943,11.873234130201734,0.27794871536060534,4
3.850999999999687,grasp,3.849999999999687,0.3263425056867331,-0.2054744327337717,0.029951696012361247,-0.03682111743536244,0.0,0.0,0.0,0.26022346631584575,175.2633927978905,1,0.0008085565974658021,7,65.52417136599317,6.154959545593587,0.11741772954316197,3,53.47661695658825,11.70076579454019,0.27350191682933933,4
3.860999999999686,grasp,3.859999999999686,0.3244840631727598,-0.2060464084345622,0.030048613799696762,-0.033543179659708176,0.0,0.0,0.0,0.27182349977441395,175.24076418641022,1,0.000800911913284419,7,65.56457680286094,6.090982334428707,0.11612563199986453,3,53.5597423056581,11.515958935825187,0.26876433773022074,4
3.8709999999996847,grasp,3.869999999999685,0.32267068513128727,-0.20634204203466405,0.030036712579879936,-0.030119984411426274,0.0,0.0,0.0,0.2831103475803942,175.21184475998174,1,0.0007932741235452518,7,65.60269986734684,6.014258008665291,0.11459623652735582,3,53.623478193381835,11.332489961827442,0.2641681019123562,4
3.8809999999996836,grasp,3.8799999999996837,0.32090978946123966,-0.2063722156670575,0.029918523141705348,-0.026544548233930588,0.0,0.0,0.0,0.29425113504763445,175.1853727251946,1,0.0007858313139629003,7,65.62447439451043,5.941819656744377,0.113178423742953,3,53.66596424268478,11.159242302176873,0.2599236420059757,4
3.8909999999996825,grasp,3.8899999999996826,0.3192082427609717,-0.20614257169393777,0.029697747137202413,-0.022807772171673398,0.0,0.0,0.0,0.30541896217459813,175.16448905001332,1,0.0007787804683187183,7,65.63270981739096,5.873561965294984,0.11186422862999484,3,53.69106530939016,10.99520860598555,0.25598320089726756,4
3.9009999999996814,grasp,3.8999999999996815,0.3175710727110383,-0.20565535835538326,0.02937940533878084,-0.018903243238212734,0.0,0.0,0.0,0.31679550846489785,175.151465295642,1,0.0007720999078332294,7,65.63085164179142,5.80889397649687,0.11063573439899511,3,53.703501267022055,10.838908526173299,0.2522858908276897,4
3.9109999999996803,grasp,3.9099999999996804,0.3160016502309639,-0.20490873746438296,0.028970030752222313,-0.014841579135268738,0.0,0.0,0.0,0.3285526186878924,175.04087808514404,1,0.0007657455839463784,7,65.61793739664114,5.73941727410079,0.10933400038559005,3,53.71083262780844,10.68907779977823,0.24876447815119207,4
3.920999999999679,grasp,3.9199999999996793,0.3145066321749861,-0.20388416577633348,0.02847510502699836,-0.010760277546413906,0.0,0.0,0.0,0.3406532488248922,174.85221701886837,1,0.0007597686062897086,7,65.59690019503182,5.671144233040385,0.10806806831151729,3,53.710831237477564,10.543168670064551,0.24536877449002995,4
3.930999999999678,grasp,3.929999999999678,0.3130934132167724,-0.20256235490862,0.02790075175028537,-0.006856522354402627,0.0,0.0,0.0,0.3529424994440532,174.6411987791817,1,0.0007543367000771349,7,65.57076825915,5.602638361347859,0.1068051837368484,3,53.71136937201728,10.400380909018295,0.2420432822374828,4
3.940999999999677,grasp,3.939999999999677,0.3117674837892067,-0.20092869574888567,0.027255654870646837,-0.003326704555822328,0.0,0.0,0.0,0.365236031016232,174.38212798229904,1,0.000749467768083557,7,65.54051189942399,5.5330652758052565,0.10552757972611068,3,53.7160811445177,10.259703237320274,0.23874841152590728,4
3.950999999999676,grasp,3.949999999999676,0.310533425767085,-0.1989734218936026,0.026550906508827583,-0.00036494886467790277,0.0,0.0,0.0,0.37731610978212643,174.06369552623346,1,0.0007452278678775952,7,65.5080447361952,5.461107547898416,0.10420681097051936,3,53.729154669553395,10.119982169263459,0.23543973080126762,4
3.960999999999675,grasp,3.959999999999675,0.3093934019072511,-0.19669760336590267,0.02580141765058718,0.001839229362748755,0.0,0.0,0.0,0.3889597101090914,173.4534505685376,1,0.0007416638033438895,7,65.47106324349943,5.372967216593507,0.1025828616187737,3,53.758767301641136,9.978931140304551,0.23203031898761367,4
3.9709999999996737,grasp,3.969999999999674,0.3083548033584525,-0.19416710950855018,0.02504382480610448,0.00293852528767942,0.0,0.0,0.0,0.3998834523218848,125.06675523418392,1,0.0007388415063279782,5,53.2614219969537,6.872418895479464,0.1612897909455115,1,46.565490158207034,10.3423995857314,0.2776304821068382,4
3.9809999999996726,grasp,3.9799999999996727,0.3074242174933583,-0.191502249833698,0.024360129958807653,0.003248618517653603,0.0,0.0,0.0,0.40942677897523644,143.02573778228205,1,0.0008617972611155317,5,84.04008223129786,7.883641476629109,0.1172601404489868,1,87.25704307060474,11.560442495253088,0.1656090168832971,4
3.9909999999996715,grasp,3.9899999999996716,0.3066567723169586,-0.1889527028351854,0.023790588487726434,0.0027878713235636693,0.0,0.0,0.0,0.4164047548676505,189.98673259381988,1,0.0009067659846735509,7,89.77387647049159,4.725268932657079,0.06579404163039375,3,95.6708209864465,4.391804970011208,0.057381719482596814,4
4.000999999999671,grasp,3.9999999999996705,0.306131241925369,-0.18668725663129096,0.023277442558617783,0.001591798887701973,0.0,0.0,0.0,0.4205412882659736,206.0962184768539,1,0.0009027227966114579,7,104.90962023025185,5.599893169616642,0.06672282719790376,3,97.49646666612037,9.59249806387451,0.12298520130893965,4
4.010999999999674,grasp,4.009999999999674,0.3052904530601318,-0.18431958192264214,0.022795646991853456,-0.0001978638252197604,0.0,0.0,0.0,0.4235023933221342,184.08839517267788,1,0.0008593404323564617,7,70.52318919673245,5.497757958982469,0.09744592561685364,3,59.20732541885678,9.667420333267412,0.20410101843133713,4
4.0209999999996775,grasp,4.019999999999677,0.30431310565682784,-0.18182283903290722,0.02238266051675477,-0.0031753962181064674,0.0,0.0,0.0,0.42614010820322706,185.86429340599844,1,0.0007566404658462172,8,95.11001007569877,60.05176967998413,0.7892409225930646,3,33.126814864591665,10.966752267111655,0.41381703583407714,4
4.030999999999681,grasp,4.0299999999996805,0.30373104661319217,-0.1803390439446982,0.022317905913189016,-0.00672381278697115,0.0,0.0,0.0,0.4278729961429558,184.29121959818514,1,0.0010049900436293147,8,97.545202987285,52.07996807760762,0.6673824863073511,3,43.152442974252764,19.580463329298556,0.5671887261684521,4
4.040999999999684,grasp,4.039999999999684,0.3035118461841742,-0.17887280799966582,0.022164919415381942,-0.010967236729657126,0.0,0.0,0.0,0.4295531352259923,183.47947529091252,1,0.0008326707105514203,8,86.84826143182173,49.142722497037695,0.7073072288213864,3,35.666542428580854,17.74662826002154,0.6219634372871164,4
4.0509999999996875,grasp,4.049999999999687,0.3036482348435018,-0.1776421096007222,0.022110423349694885,-0.015466881032617303,0.0,0.0,0.0,0.43066203854604784,161.32285969741307,1,0.0008382272490188469,7,100.4080320684281,5.4423620156967525,0.06775307093943168,3,98.2676925308906,5.50189973531577,0.0699861215015586,4
4.060999999999691,grasp,4.0599999999996905,0.3039023280617966,-0.1767947879282825,0.02209429882018236,-0.018848829290481595,0.0,0.0,0.0,0.4296046677151332,182.2988072821503,1,0.0008667857258009487,9,114.97965102595184,28.157321520677108,0.3061120084014015,3,85.03173292375581,2.1690863909196936,0.03188642516648192,4
4.070999999999694,grasp,4.069999999999694,0.3041488947714416,-0.17622118432073297,0.022044946012120203,-0.02135442768284336,0.0,0.0,0.0,0.4248207052617065,180.5235511918948,1,0.00084709430413431,9,114.82651703736238,28.10208840758736,0.30591897599797735,3,84.23662837847206,2.4803414610622583,0.03680616005186864,4
4.0809999999996975,grasp,4.079999999999697,0.3043969601554381,-0.1755374947951898,0.02191697180739447,-0.0225020122168119,0.0,0.0,0.0,0.4161941439350618,158.61514354871218,1,0.0008103027961764992,9,108.29252797116652,63.28318125354073,0.7304656936994561,3,38.11147659047776,4.877416435987871,0.15997203704534846,4
4.090999999999701,grasp,4.0899999999997005,0.30458437424424706,-0.17404776300513083,0.022042595213158666,-0.023780883349819013,0.0,0.0,0.0,0.4061846156602356,177.37561692448287,1,0.0006100280536270536,10,104.06946887997228,83.25557510397782,0.9999999999999998,4,7.74065342395104,6.192522739160832,1.0,4
4.100999999999704,grasp,4.099999999999704,0.3046686802650162,-0.17229216865452374,0.022874951627685335,-0.024435203049160983,0.0,0.0,0.0,0.39682807950524634,109.15027593845348,1,0.0006142543223648976,5,99.37091822367776,79.49673457894221,1.0,2,2.1577736894043387,1.726218951523471,1.0,1
4.1109999999997076,grasp,4.109999999999707,0.3047935685596249,-0.16934868302876455,0.02397637941581539,-0.022912580272010586,0.0,0.0,0.0,0.38747878966661026,177.98091509652403,1,0.0009738313172202188,4,191.81424981568486,144.20767093111135,0.9397611952037005,2,0.0,0.0,nan,0
4.120999999999711,grasp,4.119999999999711,0.30473947320764583,-0.16759322544299832,0.0242279459956655,-0.024135317069984712,0.0,0.0,0.0,0.38075525022074214,186.46929386227654,1,0.0020362658385322274,4,221.6672789775317,158.00137500230636,0.8909827362156676,2,0.0,0.0,nan,0
4.130999999999714,grasp,4.129999999999714,0.3044181612236845,-0.1660024655800106,0.02456549328060966,-0.018848889907235142,0.0,0.0,0.0,0.37830135142195775,187.34611654353745,1,0.00230554184786836,4,224.24997934805668,154.94291266614192,0.8636729483576462,2,0.0,0.0,nan,0
4.140999999999718,grasp,4.139999999999717,0.30380609162843375,-0.16138020542544804,0.025278873382056328,-0.0025189116524062787,0.0,0.0,0.0,0.38073857455589966,127.6436163821694,1,0.0017667137286195918,2,14.395549697092502,7.4045666212874135,0.6429562240668489,2,0.0,0.0,nan,0
4.150999999999721,grasp,4.149999999999721,0.3038870895446788,-0.145414108913497,0.024876437016755047,-0.004190334857437767,0.0,0.0,0.0,0.38458710384332806,160.22115613163766,1,0.00045527772270731774,2,18.799466506831664,7.1277988247699895,0.4739362432292807,2,0.0,0.0,nan,0
4.160999999999724,grasp,4.159999999999724,0.3049347110078049,-0.12094705603218908,0.0254941191689638,-0.02048331846404454,0.0,0.0,0.0,0.3872717998716286,76.0665903941645,0,0.00036302247963096684,1,0.2648624849264731,0.21188998794117847,1.0,1,0.0,0.0,nan,0
4.170999999999728,grasp,4.169999999999727,0.30599398529278404,-0.09497164786498873,0.02436385854428597,-0.030331318493233186,0.0,0.0,0.0,0.3878518501781041,65.87399473475678,0,0.0,0,0.0,0.0,nan,0,0.0,0.0,nan,0
4.180999999999731,grasp,4.179999999999731,0.3067828964572479,-0.08326030284430327,0.022755599371838277,-0.023276629450024094,0.0,0.0,0.0,0.3841277328058187,175.44970086840326,1,0.0022877033614370264,3,104.76890495090969,46.83328816068046,0.558768942257063,1,96.82173962294058,64.5791229828038,0.8337373821506748,2
4.190999999999734,grasp,4.189999999999734,0.3077088952691522,-0.07409895434980085,0.021290077300068565,-0.01902550047924321,0.0,0.0,0.0,0.3764976567223598,134.36869550009317,1,0.0012219674284114966,4,81.84129469421008,65.47303575536807,1.0000000000000002,1,64.6479762099613,51.71838096796905,1.0000000000000002,2
4.200999999999738,grasp,4.199999999999737,0.3088747912473989,-0.06914568954686165,0.020688467863515705,-0.014152798279006755,0.0,0.0,0.0,0.3657779853487888,184.24899697159515,1,0.0009540117243117419,6,125.24038616686161,82.98417895679991,0.8282489927633799,3,72.68081479140014,20.10616008456314,0.34579551946186654,2
4.210999999999741,lift,4.209999999999741,0.30976834648555,-0.06831042862860295,0.020781291542591923,-0.013774807280797476,0.0,0.0,0.0,0.35274682054044226,157.314371183478,1,0.0013322238085304338,11,112.5417556990158,50.35029954131714,0.5592402040978363,5,102.69149840046504,45.89671284167209,0.5586722556950275,5
4.220999999999744,lift,4.219999999999744,0.3107371143673747,-0.06890456472049485,0.020975776625508997,-0.010421363072977457,0.0,0.0,0.0,0.33609091403797525,178.90904729727953,1,0.0010378876690876819,5,54.73538007258345,5.597066232592215,0.12782103241929765,1,94.48660161780187,65.81030736821488,0.8706301507490111,3
4.230999999999748,lift,4.229999999999747,0.3116982846603761,-0.07116295447939822,0.02137765444208016,-0.009314140386713165,0.0,0.0,0.0,0.3155056870420064,189.85952834508987,1,0.00110340897604886,7,97.59524310965612,44.47020710900046,0.569574470179794,4,95.59552725592557,43.494676089443956,0.5687331475901752,3
4.240999999999751,lift,4.239999999999751,0.31253862451702663,-0.07584932946756955,0.02189130954030415,-0.016364284267942886,0.0,0.0,0.0,0.29265655982216243,171.70354529461633,1,0.000903680152700181,7,71.94454981654388,31.29907706371009,0.5438055617750347,4,63.89561769083809,31.799147994745553,0.6220917244396792,3
4.250999999999754,lift,4.249999999999754,0.31344322286607024,-0.08234637907767817,0.022710874476700206,-0.023449997367353113,0.0,0.0,0.0,0.2709802249082397,174.60921839996885,1,0.0007017765129803977,9,69.66283315923971,22.196007529050107,0.3982756392909162,4,60.21072771642871,24.3179294305289,0.5048504301645749,5
4.260999999999758,lift,4.259999999999757,0.31421526894017077,-0.08966989309413456,0.023805194567655605,-0.030109704014996668,0.0,0.0,0.0,0.24988100732473817,179.3772989499043,1,0.0006195146386623995,10,67.20515378754314,15.72952094806595,0.29256537745959127,5,56.68374449579786,18.162027264411886,0.40051225060119067,5
4.270999999999761,lift,4.269999999999761,0.31454059599589135,-0.09713936012696081,0.025128318125518776,-0.036952828981540904,0.0,0.0,0.0,0.2294126182020454,178.87590510575953,1,0.0005626981470161231,10,65.56323432732458,11.89120734390952,0.22671256737698908,5,54.59492837601029,14.366737337221789,0.32893937597724543,5
4.280999999999764,lift,4.279999999999764,0.3144343465997639,-0.10434107442555078,0.026631333880218842,-0.04382427703835272,0.0,0.0,0.0,0.20975617757947762,178.25111353293352,1,0.0005187909395601451,10,64.39211903365627,9.12643767372543,0.17716526903228738,5,53.1514790843858,11.517539772625657,0.27086592816965327,5
4.290999999999768,lift,4.289999999999767,0.31398099699951454,-0.11098622343191951,0.02825440967611826,-0.05060985631280624,0.0,0.0,0.0,0.1912689957496026,177.6669721723676,1,0.00048529787919876136,10,63.754844588431,7.1458257362012745,0.14010358315378046,5,52.363910765371784,9.40540826396736,0.2245202880785202,5
4.300999999999771,lift,4.299999999999771,0.3132760640298167,-0.1169205834630389,0.029944474772025245,-0.05723538587701376,0.0,0.0,0.0,0.174259084313265,177.11959600403958,1,0.0004594568488558154,10,63.48946459980007,5.751410361161218,0.11323552650456846,5,52.059085120673636,7.840270995169807,0.1882541485553376,5
4.310999999999774,lift,4.309999999999774,0.3124089126548892,-0.12212012741120201,0.0316594186156946,-0.06364358391710355,0.0,0.0,0.0,0.15898979166793273,176.5769497918187,1,0.00043966466625264386,10,63.52177737700379,4.786310477448049,0.0941864088799252,5,52.128433929360654,6.678518380443807,0.16014576587639964,5
4.320999999999778,lift,4.319999999999777,0.3114598116153418,-0.1266296062086796,0.03336705684605773,-0.06979142638714614,0.0,0.0,0.0,0.14566717552200087,176.10591157992565,1,0.00042526561606394365,10,63.788890021073215,4.125313960354215,0.08083919392137451,5,52.48593701217341,5.817023107464854,0.13853765976674076,5
4.330999999999781,lift,4.329999999999781,0.3104980661540649,-0.13053764207179563,0.03504776924323044,-0.07564792528686727,0.0,0.0,0.0,0.13441985066965798,175.71233612606207,1,0.0004148653113198709,10,64.17263166989933,3.6832164640767875,0.07174430065107545,5,52.99116768080814,5.173849940489191,0.12204510126229509,5
4.340999999999784,lift,4.339999999999784,0.30957488157701013,-0.1339603827042325,0.03668625366177051,-0.08119289595102118,0.0,0.0,0.0,0.12530849857674206,175.4009221069533,1,0.00040742230568679625,10,64.59517750069301,3.393839022192188,0.0656751624793464,5,53.54088083464326,4.698401284596954,0.10969191231433956,5
4.350999999999788,lift,4.349999999999787,0.3087238587685312,-0.1370185555913487,0.03827239740678612,-0.0864155660661157,0.0,0.0,0.0,0.11833154957980355,175.1675722647558,1,0.0004021497022011593,10,64.99499440653936,3.208058245370138,0.061698179118686185,5,54.06004690521981,4.348232273163987,0.10054172448248791,5
4.360999999999791,lift,4.359999999999791,0.3079661921437733,-0.1398232734127877,0.03980049233883723,-0.09131202130867379,0.0,0.0,0.0,0.11341853763407601,175.00047214774145,1,0.00039844061941898525,10,65.33290042503147,3.0929324117640196,0.05917639488761703,5,54.499613976316674,4.092564637780402,0.09386682627602795,5
4.370999999999794,lift,4.369999999999794,0.3073136623583416,-0.14246692226341306,0.04126712252730356,-0.09588342429880645,0.0,0.0,0.0,0.11044594386416398,174.8886041084472,1,0.00039583525696024684,10,65.58922383181195,3.025620798324719,0.05766230757058522,5,54.8348788947049,3.9088768756989327,0.08910562388595862,5
4.380999999999798,lift,4.379999999999797,0.306771356912034,-0.14501995427027878,0.042667871718055334,-0.10013464371367486,0.0,0.0,0.0,0.10926376552573318,174.81219135800174,1,0.0003939929208582542,10,65.75981788606347,2.9898275842315853,0.05683234230917064,5,55.06096527319821,3.7767017870076933,0.08573909320942431,5
4.390999999999801,lift,4.389999999999801,0.30634002701366625,-0.14752946444391893,0.044000384768522006,-0.10407356002830152,0.0,0.0,0.0,0.10973318956704484,174.76678093733162,1,0.0003926723435464571,10,65.85223981175699,2.9742203169617776,0.05645632414067814,5,55.18743265834705,3.682064201410208,0.08339906442570533,5
4.400999999999804,lift,4.399999999999804,0.306016989965774,-0.15002652534009484,0.04526329102956655,-0.1077122105650839,0.0,0.0,0.0,0.11175515786381639,174.74385956652117,1,0.0003916975556321687,10,65.88089239145124,2.972372579671493,0.056396712153089903,5,55.23244179126674,3.6161942310739175,0.08184035762759143,5
4.410999999999808,lift,4.409999999999807,0.30579898092444846,-0.15252080575231453,0.04645387285062244,-0.11106149463700797,0.0,0.0,0.0,0.11524320662910603,174.73878370757348,1,0.00039093065310882435,10,65.86171243819656,2.977854168288904,0.056517171700539756,5,55.21598818126152,3.569821560947216,0.08081494324678895,5
4.420999999999811,lift,4.419999999999811,0.3056820425739101,-0.1550083759735638,0.04756906754522109,-0.114132381634051,0.0,0.0,0.0,0.1201595332482739,174.7493095530476,1,0.0003903058154126458,10,65.81195625746938,2.987027558308633,0.05673413556160659,5,55.159725719388604,3.5370887981356534,0.08015560157354919,5
4.430999999999814,lift,4.429999999999814,0.3056596144808606,-0.1574780897329385,0.048608118875526546,-0.11693419875273026,0.0,0.0,0.0,0.1265170389148019,174.57143506888133,1,0.00038978858983286947,10,65.7470003597105,2.980590254320735,0.05666779925345516,5,55.084447171734276,3.4989479926839064,0.07939963484101499,5
4.440999999999818,lift,4.439999999999817,0.3057263349383834,-0.1599165134926497,0.049571652873717835,-0.11947354526986753,0.0,0.0,0.0,0.13435836089289102,174.6170482620902,1,0.00038934093168345116,10,65.6806687635668,2.9917378048061587,0.056937182985598675,5,55.00331760294008,3.482028434394419,0.0791322366118579,5
4.450999999999821,lift,4.449999999999821,0.3058766799312262,-0.16230703891992698,0.05045852017010367,-0.1217628289651449,0.0,0.0,0.0,0.14374569167126564,174.69101614935735,1,0.0003889337987057009,10,65.62036554023703,3.002178743929524,0.057188395691133626,5,54.92815140677046,3.4697075206828676,0.07896013773947957,5
4.460999999999824,lift,4.459999999999824,0.3061033732387592,-0.1646339848219933,0.05126924800318623,-0.12381463674946863,0.0,0.0,0.0,0.15474266146227472,174.7796017764549,1,0.00038855753340509303,10,65.5715850058786,3.0114764769899742,0.057408183680476656,5,54.86576021882672,3.460531128632553,0.07884086347365284,5
4.470999999999828,lift,4.4699999999998274,0.3063938760843174,-0.16688328780588765,0.05200738257185108,-0.12564034261197687,0.0,0.0,0.0,0.16740083996130506,174.63384725174086,1,0.0003882101434315443,10,65.53793403588426,2.9945712096026185,0.057115227494869386,5,54.81884843306862,3.4298063084783554,0.07820773343738689,5
4.480999999999831,lift,4.479999999999831,0.3067282095305345,-0.16904857776612575,0.052686114292902216,-0.1272325242192075,0.0,0.0,0.0,0.18171236652528377,174.0513291197114,1,0.0003879424431603261,10,65.51822799196034,2.945157086008895,0.05618965088559574,5,54.79373845309166,3.3752241145085033,0.07699839912816855,5
4.4909999999998345,lift,4.489999999999834,0.30709228427430413,-0.1711346318811489,0.053322562884675566,-0.12856261504688082,0.0,0.0,0.0,0.19758612636969125,173.63570684211243,1,0.00038775570953088965,10,65.51550836772978,2.9053906350049905,0.05543326128787365,5,54.784101471218165,3.3281524901278976,0.0759379181357114,5
4.500999999999838,lift,4.4999999999998375,0.30747209049493546,-0.17314793486425561,0.053931153800746603,-0.12960686500259816,0.0,0.0,0.0,0.2148979000624352,173.4008351285424,1,0.00038762489118317087,10,65.52616002945857,2.877216998330898,0.05488680011611753,5,54.7855827877277,3.28930602344026,0.07504953529893553,5
4.510999999999841,lift,4.509999999999841,0.3078529316147006,-0.17509493119467312,0.05452316701094081,-0.1303588365624557,0.0,0.0,0.0,0.23352387640901584,173.32064880895078,1,0.0003875298230608981,10,65.54593551559081,2.8590837237332725,0.054524428197634166,5,54.79370213023445,3.2568483557281365,0.07429796283857616,5
4.5209999999998445,lift,4.519999999999844,0.3082195694640402,-0.17698139274589422,0.05510706088074138,-0.13082969301046227,0.0,0.0,0.0,0.25335242075866016,173.3732016173815,1,0.0003874529453073366,10,65.57100187011523,2.8495362683685483,0.05432157865326248,5,54.80419408221621,3.2295764065834147,0.07366170739000526,5
4.530999999999848,lift,4.5299999999998475,0.3085566184034749,-0.1788118078731203,0.055688777388759186,-0.13103694832047605,0.0,0.0,0.0,0.2742803550387367,173.54113745386806,1,0.00038737803420623264,10,65.59816058333593,2.8472748601759195,0.05425599656408697,5,54.81352859940251,3.2064977803644847,0.07312286451668604,5
4.540999999999851,lift,4.539999999999851,0.3088490222167167,-0.18058899443797616,0.05627207133752347,-0.13099895005528875,0.0,0.0,0.0,0.2962142154492815,173.80479598567433,1,0.0003872917085331506,10,65.62499323615607,2.8507344007359388,0.0542997084677284,5,54.819215973854874,3.1864083077290317,0.07265719353886639,5
4.5509999999998545,lift,4.549999999999854,0.3090824345002362,-0.1823140036050261,0.05685890786615167,-0.13073465087151487,0.0,0.0,0.0,0.3190734834439083,174.1461359952614,1,0.00038718354414121856,10,65.64992745754354,2.8584442467642415,0.05442588357414457,5,54.819812598852344,3.1681694899826987,0.07224052171534202,5
4.560999999999858,lift,4.5599999999998575,0.3092435601696558,-0.18398629774469388,0.0574498800398074,-0.13026915150363264,0.0,0.0,0.0,0.34279497675193843,174.54496495817415,1,0.00038704646162002394,10,65.67220963743301,2.868876816180075,0.0546059899617117,5,54.8148077354933,3.150760484630706,0.0718501216823239,5
4.570999999999861,lift,4.569999999999861,0.309320378795447,-0.18560397208004006,0.05804457752846849,-0.1296294531435881,0.0,0.0,0.0,0.36732748086624767,174.99490838090975,1,0.00038687436355216124,10,65.69177151113993,2.8814645126841527,0.0548292511832231,5,54.80430650006828,3.1339636302418437,0.07148077930330939,5
4.5809999999998645,lift,4.579999999999864,0.3093022329733781,-0.18716397914994048,0.058641898102303344,-0.12883778545522223,0.0,0.0,0.0,0.392625934889764,175.5756360673105,1,0.00038666413121612157,10,65.7097244956857,2.9002068863726524,0.05517080821429769,5,54.78839123395278,3.12046770564459,0.07119363325343481,5
4.590999999999868,lift,4.5899999999998675,0.3091801040004282,-0.18866278553867838,0.059240442522150515,-0.12791391843001254,0.0,0.0,0.0,0.4186510687923173,176.23470749427287,1,0.00038641285890651984,10,65.72596740678954,2.92235355559487,0.055578367099336695,5,54.76821277011795,3.109282679443822,0.07096458242335314,5
4.600999999999871,lift,4.599999999999871,0.30894473101135506,-0.19009427420318906,0.05983794715984254,-0.12687318757487592,0.0,0.0,0.0,0.44537608863856964,176.7907533685108,1,0.0003861152989954573,10,65.740260152138,2.9317998109907095,0.05574589688658544,5,54.74580065932785,3.0926633072508007,0.07061416743395135,5
4.6109999999998745,lift,4.609999999999874,0.3085890000777101,-0.1914532314516042,0.06043254262655756,-0.12572564047422016,0.0,0.0,0.0,0.4727735903820521,177.35822770426375,1,0.0003857776565636922,10,65.75373750843404,2.9467816883583806,0.05601928118497457,5,54.721616577105955,3.0748596349622046,0.07023868781886101,5
4.620999999999878,lift,4.6199999999998775,0.3081070987047571,-0.1927346298212549,0.0610225842213842,-0.12447995757223548,0.0,0.0,0.0,0.5008202351091546,177.94707515308576,1,0.0003853921302100433,10,65.76745945970592,2.961831019178902,0.05629362612435907,5,54.69638102940472,3.056478118032018,0.06985101346076394,5
4.630999999999881,lift,4.629999999999881,0.30749419050382043,-0.1939334765108904,0.06160648259692501,-0.123142448080284,0.0,0.0,0.0,0.5294965230692638,178.54477019669682,1,0.00038575896021930076,10,65.78174279381611,2.9765042988195987,0.05656022804361244,5,54.67084440976266,3.0384573202846523,0.06947161126484426,5
4.6409999999998846,lift,4.639999999999884,0.30674746441610184,-0.1950464112681132,0.0621759908288657,-0.1217180294044843,0.0,0.0,0.0,0.558785031176449,179.10756290924294,1,0.00038620072143515365,10,65.7967998371521,2.9901696523788646,0.056806897519704073,5,54.64546194135235,3.0261803661889277,0.06922304841701088,5
4.650999999999888,lift,4.649999999999888,0.30586732332738253,-0.19606876496852993,0.06271497390845537,-0.12023477628938156,0.0,0.0,0.0,0.5886498826249462,179.31494721684385,1,0.0003866903182452588,10,65.80746809738869,2.9938077059949597,0.056866792488589855,5,54.6216937417379,3.0051796506922,0.06877257562034968,5
4.660999999999891,lift,4.659999999999891,0.30486419630769834,-0.19698084445810274,0.06321310337479706,-0.11887631745729042,0.0,0.0,0.0,0.6188944597293458,179.10286159525592,1,0.0003870126798944398,10,65.80961622855888,2.9726501892495025,0.05646306648646518,5,54.599162463055336,2.97156381544137,0.06803135069727687,5
4.670999999999895,lift,4.669999999999894,0.3037535138004548,-0.19776530060310846,0.06366777884178489,-0.11787322888394572,0.0,0.0,0.0,0.6492533073223865,178.831137859521,1,0.0003869901353596556,10,65.80694244770294,2.9518323650572564,0.05606992695723347,5,54.578498400557415,2.9406328105860178,0.06734870179563204,5
4.680999999999898,lift,4.679999999999898,0.3025497069453409,-0.1984128135398683,0.06407975669755303,-0.11744190188621736,0.0,0.0,0.0,0.6794797538237046,178.50520114735718,1,0.0003866060672962407,10,65.80043569576335,2.933696177319961,0.05573094133609305,5,54.56283275405778,2.9148052635336668,0.06677634564613252,5
4.690999999999901,lift,4.689999999999901,0.3012660110356324,-0.1989221312238375,0.06445260833428386,-0.11778573689663004,0.0,0.0,0.0,0.7093504483291464,178.11496401196678,1,0.00038587263182748876,10,65.79125040529293,2.9140272578118447,0.05536502270173851,5,54.554978831113566,2.8955095842885576,0.06634384354845545,5
4.700999999999905,lift,4.699999999999904,0.2999159072674328,-0.19929860749048003,0.06479307512323478,-0.11911905407010705,0.0,0.0,0.0,0.7386451780915595,177.50485969439097,1,0.0003857649844857337,10,65.7768938888377,2.897827503547284,0.05506925251830421,5,54.55815819533508,2.878094992325225,0.0659409859021623,5
4.710999999999908,lift,4.709999999999908,0.2985131744179709,-0.19956376616260382,0.06511244840281395,-0.12158193249789148,0.0,0.0,0.0,0.7672114413804865,176.9549223827119,1,0.00038748367784953745,10,65.73095718280338,2.8833426686114274,0.05483228132127694,5,54.60760160869409,2.8563585192261978,0.06538372028527792,5
4.720999999999911,lift,4.719999999999911,0.29706891790715806,-0.1997699799357144,0.06542360131294046,-0.1250162689373191,0.0,0.0,0.0,0.7951632460648127,176.5476531862115,1,0.00038916005761897155,10,65.69648209353372,2.8757932634976475,0.0547174135481735,5,54.667825015229425,2.8489138188863787,0.06514146616617555,5
4.730999999999915,lift,4.729999999999914,0.2955919289205705,-0.19996801900076716,0.0657372953838474,-0.1292312152782397,0.0,0.0,0.0,0.8226380632037952,176.22306287083012,1,0.00039055742991239023,10,65.67462355411551,2.877101106370304,0.05476051766021142,5,54.73004538988579,2.851375234610657,0.06512362666379215,5
4.740999999999918,lift,4.739999999999918,0.2940887180243398,-0.20020056095074273,0.06606213809932675,-0.1340687763589402,0.0,0.0,0.0,0.8497285178477906,175.9912579141843,1,0.00039165643605185277,10,65.6619537354531,2.8852127969610812,0.05492550542634969,5,54.78966632489843,2.8612742739880233,0.06527860237870611,5
4.750999999999921,lift,4.749999999999921,0.2925633321255179,-0.20050308391344449,0.06640424003251016,-0.13938726077298091,0.0,0.0,0.0,0.8764977087856466,175.96832263910176,1,0.00039246115894217695,10,65.65732443675613,2.9030251104972544,0.05526849318413761,5,54.841524162313526,2.8806857805553445,0.06565932075550607,5
4.760999999999925,lift,4.759999999999924,0.29101630486403995,-0.2009036808069336,0.06676596487870264,-0.1450382779875332,0.0,0.0,0.0,0.9030064095713838,175.94597351217791,1,0.000392929390896591,10,65.65510574391205,2.9217430512812603,0.05562672960038951,5,54.88471714421027,2.9023143780159413,0.06610023994452942,5
4.770999999999928,lift,4.769999999999928,0.28944897631402144,-0.2014206785042778,0.06714825591807361,-0.15093608696817648,0.0,0.0,0.0,0.9292611649817225,175.9716747302513,1,0.00039315212839551006,10,65.65348422281,2.941676088665697,0.05600761565605665,5,54.91732290687661,2.9255721517632787,0.06659037615335364,5
4.780999999999931,lift,4.779999999999931,0.28786243724080035,-0.20206681280388794,0.06755097389068625,-0.15701040234526398,0.0,0.0,0.0,0.9552491498177269,176.06811911702337,1,0.00039317653213575676,10,65.65181385869917,2.963544008357387,0.05642540232657836,5,54.93863231646353,2.95121821314432,0.0671480634097421,5
4.790999999999935,lift,4.789999999999934,0.28625727726124744,-0.20284941622024982,0.06797252615675348,-0.1632005051895154,0.0,0.0,0.0,0.9809511156821572,176.22048985240312,1,0.0003930362661529207,10,65.64958450572975,2.9866506782836613,0.05686728066845177,5,54.94925889284873,2.978817869921692,0.06776292187421486,5
4.800999999999938,lift,4.799999999999938,0.2846338930480058,-0.20377122791468932,0.06841028255263892,-0.1694534259550691,0.0,0.0,1.032382731180714e-07,1.0063445722870488,176.41768041662593,1,0.00039276431247533227,10,65.64766582542207,2.997752051979008,0.05708032445416605,5,54.950272693254426,3.008729196476152,0.06844208975248399,5
4.810999999999941,lift,4.809999999999941,0.2829933744001565,-0.20483173564561086,0.0688611601924932,-0.17572182416528165,1.3896274910347054e-05,0.016308106730597845,0.0163081067308508,1.0321149928161186,176.57129329034174,1,0.0003923933898168322,10,65.64413272390291,3.0194735758441134,0.057497019355559176,5,54.9445726336146,3.035286454756849,0.06905337300093695,5
4.820999999999945,lift,4.819999999999944,0.28133858374420584,-0.20602904950836726,0.06932260879221278,-0.18195635194097876,2.745687914126275e-05,0.032328848519080876,0.032328848519194237,1.057530529917234,176.75182567802437,1,0.00039193544860155726,10,65.64157867877589,3.0405150419443796,0.05789994510993303,5,54.93264265483827,3.06139978097819,0.06966258205103285,5
4.830999999999948,lift,4.829999999999948,0.27967250022852824,-0.2073590863330965,0.069791870755234,-0.1881043544778029,4.044668750792872e-05,0.047981573328533804,0.04798157332864354,1.0825585642019486,176.96252048049917,1,0.0003914121094532382,10,65.64101788401598,3.0614676062166484,0.05829943884375184,5,54.91545275569756,3.0874068150711893,0.07027636712762207,5
4.840999999999951,lift,4.839999999999951,0.2779966018767521,-0.20881433702384894,0.07026512104519039,-0.19414523000782907,5.232643033612271e-05,0.06323646250163874,0.063236462501733,1.1071607837606783,177.2437323128402,1,0.00039086391035261846,10,65.64926515583892,3.0929621618774683,0.05889178946891793,5,54.88750728357046,3.120885922425736,0.07107459595272772,5
4.850999999999955,lift,4.849999999999954,0.27630681927194684,-0.21038250351310728,0.07073672781976043,-0.20008220981767108,6.290569235650654e-05,0.07809851260444195,0.07809851260451917,1.1313053787683562,177.5926331268662,1,0.0003903232637659621,10,65.65603057127244,3.121277558026074,0.05942480703729478,5,54.85984730667066,3.1586250807958702,0.07197033066686549,5
4.860999999999958,lift,4.859999999999958,0.27459837783886626,-0.21205053748232708,0.0712018654094485,-0.205921021952198,7.230947869088481e-05,0.09257924204145586,0.09257924204151427,1.1549776270713437,177.82257781314786,1,0.00038979558085189644,10,65.66238666567506,3.1463472123844802,0.059896300076715564,5,54.832894301685045,3.1859027636182873,0.07262754420024256,5
4.870999999999961,lift,4.869999999999961,0.2728667635275555,-0.21380827476305578,0.07165499421886733,-0.21166093598416041,8.113540247467041e-05,0.10666019240769362,0.10666019240771273,1.17813468113003,177.7277030291202,1,0.00038929285471489924,10,65.66771183951734,3.152261090713764,0.06000401495672346,5,54.8103803081256,3.193937557509929,0.07284061749696594,5
4.880999999999965,lift,4.879999999999964,0.271109654250405,-0.21565042371559773,0.07209391558987985,-0.2172918829123746,8.954382611646226e-05,0.12029456787618302,0.12029456787621087,1.2007055924053482,177.6710720075982,1,0.0003888114513997013,10,65.67517792448663,3.1574835590759256,0.060096593166188345,5,54.79010054039626,3.2012299758251705,0.07303395011715966,5
4.890999999999968,lift,4.889999999999968,0.2693274231244807,-0.21757095008811841,0.0725168254311909,-0.22280314498094886,9.728606923640891e-05,0.13344451566789625,0.1334445156679361,1.2226596368656104,177.64729960900573,1,0.0003883509897343689,10,65.68370084761385,3.1619282254710668,0.060173379861899426,5,54.77127121038479,3.207857244873164,0.07321030656179442,5
4.900999999999971,lift,4.899999999999971,0.2675225584257587,-0.21956313183841802,0.07292205451305932,-0.22818415783687873,0.0001045621837444306,0.1460803584621434,0.14608035846217732,1.2440014087387974,177.53226729559645,1,0.0003879308257488202,10,65.69114143132087,3.1618178349908943,0.06016446369516445,5,54.7556797881695,3.2070372845701844,0.07321243423917585,5
4.910999999999975,lift,4.909999999999974,0.26569416566693455,-0.22162283161884552,0.07330681437931359,-0.2334252967240075,0.00011131996393730092,0.15816276154611456,0.15816276154614548,1.2646841058995735,177.47651293373676,1,0.00038755927109582645,10,65.69826356338834,3.1692760509981595,0.0602998443014463,5,54.74374413871007,3.219565895235272,0.07351447060045604,5
4.920999999999978,lift,4.919999999999978,0.26383391646390286,-0.22374141600513908,0.07366705351031354,-0.23852974010788022,0.00011756632731887676,0.16967233736789117,0.16967233736791903,1.2846627836955946,177.50237745638955,1,0.00038720582147928526,10,65.70919930058169,3.1680185797733165,0.060265887681903156,5,54.7293303751043,3.2197566931241712,0.07353818946478466,5
4.930999999999981,lift,4.929999999999981,0.26194864437871845,-0.2259158314882025,0.07400393209877716,-0.24353134847106897,0.00012345049511297565,0.18069823769016263,0.18069823769019563,1.3039470131365367,177.57276881797387,1,0.00038692817036050677,10,65.71957819306127,3.167582572320513,0.0602480771219966,5,54.71572302244202,3.221362992086468,0.0735931742774651,5
4.940999999999985,lift,4.939999999999984,0.2600446322327226,-0.2281408204442514,0.0743177456905604,-0.24843410412283268,0.0001285893357395676,0.1912749353548625,0.19127493535489173,1.322500417803854,177.66245430216767,1,0.00038669281747812453,10,65.72836125139166,3.1672989873132353,0.06023463325061551,5,54.70174142340149,3.223614145902933,0.0736634260176374,5
4.950999999999988,lift,4.949999999999988,0.2581288048749847,-0.2304087382912772,0.07460877914330874,-0.25322978778262667,0.00013289374931549502,0.20141385534602207,0.20141385534605588,1.3402372235872522,177.75647062687466,1,0.0003864889902634107,10,65.73523755942047,3.1661590215715574,0.06020665511989576,5,54.68728845867222,3.225371512384039,0.07372306260031268,5
4.960999999999991,lift,4.959999999999991,0.2562081602583947,-0.23271202427888124,0.07487784424655865,-0.25791098720024186,0.0001363835446445979,0.21112916945766494,0.21112916945769608,1.3570841081962814,177.8510094970799,1,0.0003863176622502288,10,65.74029183942864,3.16419480106832,0.0601646781702175,5,54.67266923579784,3.2267505672887093,0.07377430561721916,5
4.970999999999995,lift,4.969999999999994,0.2542895445810091,-0.23504339391479312,0.07512628944867306,-0.2624711308927529,0.00013909298393229418,0.22043706811152544,0.2204370681115515,1.3729815340241118,177.94294578256947,1,0.00038617815565780234,10,65.74373604348781,3.1614625371974334,0.06010957711443045,5,54.65829137113511,3.22785437316817,0.07381895528097294,5
4.980999999999998,lift,4.979999999999998,0.25238075923943676,-0.23739645757405048,0.07535650654366088,-0.26690426869249034,0.0001411890698276109,0.2293580053286177,0.22935800532862077,1.3878887390086725,178.03597632500984,1,0.0003860687318487542,10,65.74807189361438,3.150235245180126,0.0598921602270987,5,54.64223375710815,3.218983002921209,0.07363770616584801,5
4.991000000000001,lift,4.990000000000001,0.25049917991082826,-0.2397697248113644,0.0755756077528708,-0.27120288046823887,0.00014293402608871905,0.23794044716639506,0.2379404471663999,1.401836067036877,178.14322099382008,1,0.00038599814294845605,10,65.7494843600683,3.1451864734544577,0.059794888584796015,5,54.62841329280286,3.2183557032835832,0.07364198201294801,5
5.001000000000005,lift,5.000000000000004,0.248652692275937,-0.24215830461888568,0.07578731673866772,-0.2753622685954669,0.00014405763387525652,0.24621077029889565,0.24621077029890379,1.4148186268764835,178.23684461868189,1,0.0003859619896438407,10,65.74934420722767,3.1428346427009006,0.05975030398773575,5,54.61689387579551,3.221725999818851,0.07373464900680252,5
5.011000000000008,lift,5.010000000000008,0.24684358862655523,-0.24455419206374934,0.07599317294442291,-0.27938047909945984,0.00014439899770244798,0.2541769252772894,0.25417692527730196,1.4267719597369046,178.3125538468102,1,0.00038593626412555967,10,65.74816314319682,3.140064950634968,0.059698720095724085,5,54.60652360144059,3.2251288340920756,0.07382654629398053,5
5.0210000000000115,lift,5.020000000000011,0.24507412844485363,-0.2469494030040852,0.07619508620137645,-0.283265372851139,0.00014420578085793667,0.261864426206087,0.2618644262060919,1.4376174988666677,178.3700474566363,1,0.0003859308879725737,10,65.74668857149757,3.1362433327631396,0.059627401031623214,5,54.59806531862125,3.2278136044269674,0.0738994501359668,5
5.031000000000015,lift,5.0300000000000145,0.24334482346502762,-0.2493386918664622,0.07639564790143658,-0.28702937339359613,0.00014362872911713657,0.26930901332771123,0.2693090133277181,1.4473471040810844,178.40578282420873,1,0.00038594187718558496,10,65.74518635460166,3.1317141076943438,0.05954265021782747,5,54.591898985064695,3.230524517481593,0.07396986955805941,5
5.041000000000018,lift,5.040000000000018,0.24165653741356485,-0.2517175473989426,0.07659597008429381,-0.2906809186737075,0.0001427950666117672,0.2765377327047814,0.2765377327047856,1.455963358923301,178.51778853764685,1,0.00038596044597835296,10,65.74478947379856,3.130766060881409,0.05952498452613346,5,54.58647852980155,3.230900009904681,0.07398581335808206,5
5.0510000000000215,lift,5.050000000000021,0.2400096300886732,-0.25408220703179896,0.07679792051398512,-0.2942257237070422,0.0001417038204050635,0.2835715368098098,0.28357153680981917,1.4634746909109315,178.4968966508768,1,0.0003859879645887461,10,65.74277982057846,3.1263929723035706,0.05944365641436117,5,54.58463932107837,3.2337104743371583,0.07405266652298897,5
5.061000000000025,lift,5.0600000000000245,0.23840320530978854,-0.25642960161947115,0.07700594950577158,-0.2976677580428892,0.00014039705385996074,0.29042786059888276,0.2904278605988894,1.4698894938809042,178.45679952155214,1,0.00038601954576349134,10,65.74086892814944,3.119474163490319,0.05931382970651986,5,54.5847695617862,3.2367313305012018,0.0741216679232621,5
5.071000000000028,lift,5.070000000000028,0.23683591209102853,-0.2587571989885621,0.07722483149390816,-0.30100982947731314,0.00013891633055300489,0.2971207675143653,0.29712076751437005,1.4752200205306436,178.39851243205283,1,0.0003860528719334565,10,65.7383096657211,3.112043551777817,0.05917484735313661,5,54.58717284393163,3.2397261972389053,0.07418698451606705,5
5.0810000000000315,lift,5.080000000000031,0.23530467231829255,-0.2610639434476676,0.0774599759714244,-0.3042562640129769,0.0001373981759515617,0.30366658605283114,0.30366658605283303,1.4795196756491056,178.2221825058526,1,0.0003860924891565892,10,65.73229689375097,3.0991117993999544,0.05893434327286113,5,54.59547003334555,3.2448556198092215,0.07429315146996959,5
5.091000000000035,lift,5.0900000000000345,0.23380524082885304,-0.26334894716058266,0.07771962606757783,-0.30741103906267037,0.00013567704954556907,0.3100808289873318,0.3100808289873381,1.4828317082343694,178.14804693251264,1,0.00038612039768952774,10,65.73099736264132,3.092094242497447,0.05880205623227886,5,54.60039866814279,3.2481462818418705,0.07436178034119917,5
5.101000000000038,lift,5.100000000000038,0.2323353509811759,-0.2656104176046612,0.07800962724252461,-0.31047545271717264,0.00013383492336574982,0.3163719990168634,0.3163719990168658,1.4851678719748655,178.06056385167062,1,0.000386132320386078,10,65.72928941819121,3.0847572315968392,0.05866405332580514,5,54.60578495004008,3.251398985653666,0.07442890411309981,5
5.1110000000000415,lift,5.110000000000041,0.2308929412307408,-0.26784664783329665,0.07833523596250397,-0.31345066036704666,0.00013189993147305612,0.322547317708711,0.32254731770871464,1.4865448178821907,177.9613577922886,1,0.00038612814990574343,10,65.72712911675512,3.0771191272159863,0.05852071984138222,5,54.61133533348061,3.2546064871653178,0.07449475615481824,5
5.121000000000045,lift,5.1200000000000445,0.2294762490195351,-0.2700556762812897,0.0787018735817591,-0.3163373982647191,0.00012983366232542095,0.32861257524887433,0.32861257524888027,1.4869904662919509,177.85269194956228,1,0.00038610154345311055,10,65.72952360959465,3.070877977131336,0.05839989795474256,5,54.611502668543935,3.259043366712955,0.0745960834133519,5
5.131000000000048,lift,5.130000000000048,0.22808588493187432,-0.27223359316192064,0.07911502034580126,-0.3191327867365162,0.0001276553424630057,0.33456558831981126,0.33456558831981614,1.4866021506000067,177.73751518667183,1,0.0003860434085957366,10,65.72571386332747,3.0626562829998694,0.058246919336784844,5,54.61562023449831,3.2618475148038337,0.07465463865462674,5
5.1410000000000515,lift,5.140000000000051,0.22672081242634745,-0.27437774582058294,0.07958019606533387,-0.32183693681450837,0.00012552283563236347,0.34040999511096837,0.34040999511096853,1.485427858870784,177.6184129508355,1,0.0003859667776648808,10,65.72175771171875,3.0544005014401767,0.05809340406791096,5,54.61951313244796,3.2645181392364933,0.07471043661905905,5
5.151000000000055,lift,5.1500000000000545,0.225379422732453,-0.27648587697000315,0.080102892477093,-0.324451485366474,0.00012350603325670512,0.3461521480764561,0.34615214807645506,1.4834964105490698,177.49766206972382,1,0.0003858638311359686,10,65.71786620614606,3.0461316127405054,0.05793956401416958,5,54.62317948820889,3.267005172616501,0.07476233540473705,5
5.161000000000058,lift,5.160000000000058,0.22405959740373718,-0.27855583063508865,0.08068853093823271,-0.32697819617634677,0.00012180191120363319,0.35179666724058195,0.35179666724058356,1.4808427275738174,177.26914570155634,1,0.0003857372516854248,10,65.7140071216686,3.0316973897183384,0.057668401352111875,5,54.627673930159524,3.2630484571942375,0.07466564614681344,5
5.1710000000000615,lift,5.170000000000061,0.22275672282417536,-0.28058835835665,0.08134321552919721,-0.3294186731183244,0.00012067004902027675,0.35734252781417464,0.35734252781417886,1.4775464582837823,177.00609203158396,1,0.00038559452565539585,10,65.71132141860343,3.0153541194386126,0.0573598668833218,5,54.63328292433967,3.2568962606226477,0.07451721931878608,5
5.181000000000065,lift,5.1800000000000646,0.221467970830592,-0.2825833036145769,0.0820732330093348,-0.3317734627458487,0.00012003709285416276,0.3627852162097097,0.36278521620971216,1.4736312197802581,176.79254136378674,1,0.0003854159099385283,10,65.70972023813508,3.0010114796830623,0.057088423691488435,5,54.63836704159567,3.2520486778063047,0.07439938393772252,5
5.191000000000068,lift,5.190000000000068,0.22019138355193613,-0.28453900463176324,0.08288419870364724,-0.3340441475735698,0.0001199360320896489,0.36812394538643184,0.36812394538643556,1.4691119580957681,176.62028825905549,1,0.00038520110242269636,10,65.7088250491019,2.9882691654902693,0.05684680032052848,5,54.64261634975361,3.2480460903759796,0.07430203537441489,5
5.201000000000072,lift,5.200000000000071,0.21892540862406856,-0.2864528027147592,0.08378106059571955,-0.33623356405835536,0.00012040954340274075,0.37336203481801766,0.37336203481801994,1.4640129183921327,176.48284747654643,1,0.0003849478192589661,10,65.70833651482485,2.9768087729201875,0.056629206635153743,5,54.6457806116964,3.244491572557221,0.07421642476873065,5
5.211000000000075,lift,5.210000000000075,0.21766946046003685,-0.2883212893535123,0.08476683598555958,-0.3383454670417044,0.00012140391706005202,0.37850571490650486,0.3785057149065055,1.458369070580596,176.42210103146837,1,0.0003846552637702777,10,65.70904618758466,2.97346733187035,0.056565029938605495,5,54.64640234751605,3.2410723887691155,0.0741373688280057,5
5.221000000000078,lift,5.220000000000078,0.21642483769485424,-0.290139702841042,0.08584240463289912,-0.34038567202411063,0.00012286425163611224,0.38357096151037656,0.38357096151037573,1.4522396027251354,176.45651357946832,1,0.00038451991343934076,10,65.70872027141043,2.970523922745448,0.05650931699924443,5,54.64578011190962,3.2446866100236305,0.07422088685024729,5
5.231000000000082,lift,5.230000000000081,0.2151922249816225,-0.2919010688071323,0.08701006538024865,-0.3423619234673626,0.00012489641816191297,0.3885806716191545,0.388580671619161,1.4456912842408667,176.47116824411452,1,0.0003848068213977129,10,65.70773315045558,2.9665429807418917,0.05643443394153454,5,54.643859976802084,3.2463221190885156,0.07426090782355681,5
5.241000000000085,lift,5.240000000000085,0.21397232497368265,-0.29359834446964944,0.08827180823857184,-0.344281133265287,0.0001276075298900619,0.3935539849674835,0.39355398496748845,1.4387895848878327,176.47774099597234,1,0.0003851176273741194,10,65.70646160067858,2.9621191589502343,0.05635136725502129,5,54.64084796508495,3.2464693879348236,0.07426837038677754,5
5.251000000000088,lift,5.250000000000088,0.21276595508882454,-0.2952245457707162,0.08962923428183803,-0.34614958184966,0.0001310712778354416,0.3985073396126103,0.3985073396126159,1.4316002785573791,176.48472302387307,1,0.00038556515571904745,10,65.70522490146449,2.957691382105998,0.056268192265940986,5,54.636965045739544,3.245470173237027,0.07425078814590244,5
5.261000000000092,lift,5.260000000000091,0.21157396803581102,-0.29677268222606107,0.09108343897562467,-0.34797325327150186,0.0001353291838664441,0.403455504026607,0.4034555040266165,1.424190409416234,176.49804043561193,1,0.0003860505303939527,10,65.70427169144466,2.953571906038318,0.05619063703933617,5,54.6324174824846,3.2435465153647174,0.07421295507389483,5
5.271000000000095,lift,5.270000000000095,0.21039709462341263,-0.2982357344335413,0.09263491683168146,-0.34975802460369365,0.00014040264129108862,0.4084119407573127,0.40841194075732107,1.4166279820018175,176.48903913568765,1,0.000386565798536363,10,65.7035952230851,2.948221670943281,0.05608942822940488,5,54.627630359502945,3.2391678297397597,0.07411926456499404,5
5.281000000000098,lift,5.280000000000098,0.20923509631022452,-0.29960714122556265,0.09428374765524886,-0.3515089298970831,0.00014634097195846834,0.4133837796680593,0.4133837796680677,1.4089711671121021,176.41378073121686,1,0.00038710395509915685,10,65.70335880993787,2.9390648407073643,0.055915422246701416,5,54.62334241507548,3.2297627819715258,0.07390985792825047,5
5.291000000000102,lift,5.290000000000101,0.20808725198255237,-0.3008816052836229,0.09602985465965001,-0.3532297718260181,0.00015303871451308719,0.41837188575455125,0.4183718857545599,1.4012689044282995,176.32483364680482,1,0.0003876619381155793,10,65.70406435070566,2.9290316715781195,0.05572394380247083,5,54.619354702470474,3.219303280291749,0.07367588142125508,5
5.301000000000105,lift,5.300000000000105,0.206956408060481,-0.3020585556248708,0.09786119604253338,-0.3549215217367795,0.00015921352656391412,0.4233660386883035,0.4233660386883121,1.3935793760022952,175.92916225508594,1,0.0003881973345790761,10,65.70357739023189,2.9032287165593136,0.055233459726938224,5,54.61774304657494,3.2022286064946943,0.07328727872744609,5
5.311000000000108,lift,5.310000000000108,0.20584911516921373,-0.30314631427522365,0.0997522664762707,-0.35657982991851883,0.00016423095321593575,0.42833549984528324,0.42833549984529334,1.3859601651569586,175.45313481258006,1,0.0003886269129524564,10,65.70405230731895,2.8726783858444773,0.05465184956188163,5,54.61777600395397,3.184904741799029,0.07289075496154546,5
5.321000000000112,lift,5.320000000000111,0.20476951074089247,-0.30415537875581605,0.10168040047271822,-0.35820101852870856,0.00016800575501829952,0.43325107061533646,0.43325107061534773,1.3784626476964086,174.984022023059,1,0.00038893810073206177,10,65.70636737295254,2.842232946216753,0.054070728984378716,5,54.61902766911738,3.1710227339031727,0.07257138375643696,5
5.331000000000115,lift,5.330000000000115,0.20371891993715355,-0.3050959954811656,0.10362645656652696,-0.35978255287447447,0.00017055490383755616,0.438089145181954,0.4380891451819662,1.3711386578246618,174.54344225232174,1,0.0003891380589363204,10,65.7105738954181,2.813126696553448,0.053513584834738503,5,54.621254678758284,3.161127083270318,0.072341964265141,5
5.341000000000118,lift,5.340000000000118,0.20269629381197812,-0.30597766918038904,0.10557445454192559,-0.36131961568941806,0.00017194192098572106,0.4428255153508511,0.4428255153508653,1.3640419452139174,174.13786528923902,1,0.000389237831292101,10,65.71652477308326,2.78587018975114,0.052990290481934474,5,54.62407343101895,3.15495063148462,0.07219689125410965,5
5.351000000000122,lift,5.350000000000121,0.2016992408000435,-0.30680848405101,0.1075111110185648,-0.3628074774678255,0.00017231143993098283,0.44743947711056986,0.4474394771105809,1.3572378084588987,173.77959736675294,1,0.0003892518402545734,10,65.72342701178482,2.7615637452417006,0.05252243893084209,5,54.62657244915037,3.1528222596848234,0.07214488568314568,5
5.361000000000125,lift,5.360000000000125,0.20072788321198723,-0.3075919245220733,0.10942530177789764,-0.36423848420655214,0.0001720224296902639,0.45190553889021595,0.4519055388902252,1.3508401803518195,173.48088594192694,1,0.00038917813394229726,10,65.7295460404232,2.740898961737429,0.052124560544884097,5,54.62676304999052,3.154494638366629,0.07218290225891336,5
5.371000000000128,lift,5.370000000000128,0.19978398244645376,-0.3083279595535475,0.11130793355813325,-0.3656046843233198,0.00017133505744565262,0.45619965363920345,0.4561996536392135,1.344933556077597,173.2113645005365,1,0.0003890208984129499,10,65.73450452670379,2.721935502433208,0.05176002165893441,5,54.624368266241405,3.157635455800628,0.07225793990902978,5
5.381000000000132,lift,5.380000000000131,0.19886846733112437,-0.30901629313806506,0.11315191788456602,-0.3668989939991324,0.0001704101590457595,0.46030250008232865,0.4603025000823413,1.33958005613236,172.95756914277328,1,0.00038879253131457605,10,65.73856940105208,2.7041624624162566,0.05141887188628452,5,54.61998377457856,3.161391797688337,0.0723497056209243,5
5.391000000000135,lift,5.390000000000135,0.19798144677778665,-0.3096570201151426,0.1149519663086292,-0.36811480068924907,0.00016937578509354487,0.46419807882579234,0.4641980788258063,1.3348256773749099,172.7198556819625,1,0.00038850729576623416,10,65.74219003034635,2.687728925559971,0.05110357831704658,5,54.61421676417328,3.1655576476963616,0.07245269261494187,5
5.401000000000138,lift,5.400000000000138,0.19712240296249448,-0.31025064874980085,0.1167043579036972,-0.3692463112859997,0.0001683312515628241,0.4678740222500077,0.46787402225001273,1.3307026268548188,172.49998692249622,1,0.0003881788161683895,10,65.74578887090497,2.6728038199605484,0.050817015543168996,5,54.607645991601636,3.1699930583873135,0.07256293969517659,5
5.411000000000142,lift,5.410000000000141,0.19629032086355203,-0.31079804087235025,0.11840670833162581,-0.3702888632258163,0.0001673469221438875,0.4713219094917347,0.47132190949173947,1.3272318960845393,172.30038522100986,1,0.00038781949084251184,10,65.74970948878668,2.6595698549903544,0.05056238794948463,5,54.60074271929612,3.1746346341838336,0.07267837569776099,5
5.421000000000145,lift,5.420000000000145,0.19548379406335928,-0.3113003041056793,0.12005774983320662,-0.37123818145175935,0.00016646994158986072,0.4745355133643376,0.4745355133643408,1.3244257711068905,172.12268656033447,1,0.0003874403498362042,10,65.75416841402863,2.64815367251375,0.050341935279284274,5,54.59385353618877,3.1793929652200976,0.07279649537636515,5
5.431000000000148,lift,5.430000000000148,0.1947011207626317,-0.3117586917008004,0.1216571307991905,-0.37209036479832225,0.00016572841686944334,0.4775105817778481,0.47751058177785294,1.322290181650367,171.96726942743342,1,0.00038705089523237977,10,65.75925883609368,2.638608151966439,0.05015659008838635,5,54.58720090289322,3.1841467110105794,0.07291422390101462,5
5.441000000000152,lift,5.440000000000151,0.19394283390635958,-0.31217277910070557,0.12320497298397932,-0.37284155820092313,0.0001655068460999648,0.48024253185235166,0.48024253185236027,1.3207975564557666,171.8450683714779,1,0.0003866818647795994,10,65.76383791755256,2.6319959186404756,0.050027416319972484,5,54.579341081764994,3.1894509247059255,0.0730462035060076,5
5.451000000000155,lift,5.450000000000155,0.1932102119131923,-0.3125411262543869,0.12470173141482312,-0.37348858468374746,0.00016560315113965795,0.48272879089494625,0.4827287908949536,1.3199133112524073,171.73290420077225,1,0.00038632249543942145,10,65.7688076530853,2.625876726747454,0.04990733488355005,5,54.571589376083296,3.1935665771798103,0.07315085133335496,5
5.461000000000158,lift,5.460000000000158,0.1925016577783528,-0.3128645334038568,0.12614858313171845,-0.374029101071757,0.0001659279178894086,0.48497063708658833,0.4849706370865961,1.3196360827258506,171.63130622486364,1,0.00038596962773475605,10,65.77429321720679,2.621030953241049,0.049811081674903085,5,54.564492368899685,3.197053907086966,0.07324025589462832,5
5.471000000000162,lift,5.470000000000161,0.19181549787845992,-0.31314403965838505,0.12754707643331376,-0.3744610483491073,0.0001664542388725608,0.4869701481900918,0.48697014819009904,1.3199619196335075,171.5450143376707,1,0.0003856277189161009,10,65.77990547829862,2.6176741781470576,0.04974304385042503,5,54.558433650800765,3.1998840453591795,0.07331323113672761,5
5.481000000000165,lift,5.480000000000165,0.19114924120509524,-0.3133811239557395,0.1288987901466414,-0.37478492606150243,0.00016699632180718708,0.4887356067266074,0.4887356067266104,1.3208706720828844,171.4904477942662,1,0.0003853037517054721,10,65.78493378930608,2.6166671666210033,0.04972010717152925,5,54.55457145950411,3.2022071529262517,0.07337165033234776,5
5.491000000000168,lift,5.490000000000168,0.1905005160500293,-0.31357676923445005,0.13020534489355917,-0.37500212178758363,0.0001677428476937479,0.49027777509094833,0.4902777750909525,1.3223465623224355,171.43870204604082,1,0.00038500960704523066,10,65.79209467018897,2.616666002851489,0.049714673471954476,5,54.549228755367686,3.2043732667436267,0.0734284732308959,5
5.501000000000172,transfer,5.500000000000171,0.189867931326599,-0.3137313715614282,0.13146864209430173,-0.37511172456098446,0.00016867656963452375,0.4916019185952673,0.4916019185952684,1.324391237168096,171.394224214381,1,0.00038473260305698335,10,65.79920722497185,2.617665575129696,0.04972828863613288,5,54.54410755922042,3.2056734318393914,0.07346516368332914,5
5.511000000000175,transfer,5.510000000000175,0.18925107302302815,-0.31384464081083646,0.13268896228282961,-0.3751114289382015,0.00016980257994023062,0.4927126460467421,0.49271264604674386,1.3260842976090967,171.568835201968,1,0.0003844737073775072,10,65.80595209536922,2.6293945661929503,0.0499459866939981,5,54.533436010708684,3.2086204632039377,0.07354709096667464,5
5.521000000000178,transfer,5.520000000000178,0.18865223188607125,-0.3139127904082455,0.13386223773380998,-0.3749967031423472,0.00017137705700571477,0.49361869329554936,0.49361869329555214,1.3285369569675602,171.7690357615054,1,0.00038436226897412473,10,65.81197443165522,2.64323985659073,0.050204386804556675,5,54.52249507147109,3.212073067405809,0.07364100503827013,5
5.531000000000182,transfer,5.530000000000181,0.18807368710622047,-0.3139309601400623,0.1349848231054578,-0.37476378563107776,0.00017348949370485497,0.49433189019697255,0.4943318901969724,1.3318498692968515,171.9260702959764,1,0.00038460906568867304,10,65.81683320908228,2.655985147162472,0.05044274043703085,5,54.51211270091521,3.2133637994400046,0.07368462806308677,5
5.541000000000185,transfer,5.540000000000185,0.18751719783560067,-0.3138955458220923,0.13605440834548413,-0.37440821377220534,0.00017612113481954927,0.4948601443249465,0.49486014432494563,1.336100937144111,172.04038296072207,1,0.0003848568930192438,10,65.82099413724245,2.6677878418117587,0.05066369546639615,5,54.50266542545666,3.212507254678502,0.07367775570243097,5
5.5510000000001885,transfer,5.550000000000188,0.18698290066865927,-0.3138031253678611,0.1370691886460422,-0.3739234011753687,0.00017902340509762179,0.4951975198761581,0.4951975198761577,1.3413434662161852,171.97392078449082,1,0.0003851087995007659,10,65.82159565308176,2.676449629662659,0.05082772612671667,5,54.49769193506241,3.2096863769191235,0.07361977780507832,5
5.561000000000192,transfer,5.5600000000001915,0.18646045233575448,-0.313646433412493,0.13802411467035428,-0.3733012620970054,0.00018163988497623066,0.4952839770819315,0.49528397708193195,1.3475274321771606,172.0003715679407,1,0.0003853950989403748,10,65.82566697438918,2.6865710293430483,0.05101678328584793,5,54.49284273017656,3.2055859555571518,0.07353227036231472,5
5.571000000000195,transfer,5.570000000000195,0.185947909239256,-0.3134251065685022,0.1389188233065393,-0.37253748161949196,0.00018480821681633692,0.49510668102642874,0.49510668102643196,1.3546601025012377,172.105740530788,1,0.0003856730762210872,10,65.83293299067508,2.7014918453808128,0.05129446089245838,5,54.48601131248337,3.201116437072871,0.07343895157589418,5
5.5810000000001985,transfer,5.580000000000198,0.18545141947529664,-0.31313929884378094,0.13975477517646998,-0.37162762562352364,0.00018908071827374753,0.49467736417546865,0.4946773641754731,1.3627553753006876,172.16386764836008,1,0.00038591150158902207,10,65.84345604834783,2.7193095113217987,0.051624521146889896,5,54.47424405163337,3.194673026075805,0.07330696097057668,5
5.591000000000202,transfer,5.5900000000002015,0.18497617291504892,-0.31279018893006294,0.14053353009187597,-0.3705678464061399,0.0001936175592739006,0.49400618555377934,0.49400618555378417,1.3718049967547994,172.24835017963818,1,0.00038613551914078176,10,65.84854300258807,2.734274641462213,0.051904615439910845,5,54.46910792282792,3.1863816142185404,0.07312359555100985,5
5.601000000000205,transfer,5.600000000000205,0.18452356828759856,-0.312380794711179,0.14125695375010924,-0.3693579756043999,0.00019841140337990135,0.49311231464296607,0.49311231464297167,1.3818153528795898,172.3706187566077,1,0.00038633313385194606,10,65.85451757066156,2.7519279100882943,0.05223498727964049,5,54.46450613091337,3.1782043218835545,0.07294209907651318,5
5.6110000000002085,transfer,5.610000000000208,0.18409540875525343,-0.3119125012273422,0.14192702490270373,-0.3679955099432631,0.00020351705916503486,0.4920083523121625,0.49200835231216405,1.3928130957291367,172.52239422022066,1,0.0003865093711412139,10,65.86109714213177,2.7714764659360354,0.05260078760825683,5,54.460040514835775,3.16960487271593,0.07275070039317358,5
5.621000000000212,transfer,5.6200000000002115,0.18369317308863475,-0.3113861777919339,0.14254560306422004,-0.3664784270236733,0.0002089008675868511,0.4907072141841806,0.4907072141841842,1.404821697040903,172.69680661559346,1,0.0003866672654215792,10,65.86821503841385,2.792559179644189,0.05299519612789699,5,54.455574228252516,3.1602930155618116,0.07254291824917979,5
5.631000000000215,transfer,5.630000000000215,0.18332056390755466,-0.31080099767346825,0.14311421576697658,-0.3648045955501096,0.00021501912062567587,0.4892191918945036,0.48921919189450663,1.4178345915906279,172.91124600371467,1,0.00038678844833450634,10,65.87510965696751,2.8157769456052972,0.053430213632051936,5,54.449501576576374,3.150733182326784,0.07233154324414875,5
5.6410000000002185,transfer,5.640000000000218,0.18298093155546763,-0.31015587247078263,0.14363429862655588,-0.36297234719827953,0.00022146256522712708,0.4875553757323296,0.48755537573233493,1.4318408166071637,173.14081964315338,1,0.0003868973914412556,10,65.88255331003222,2.839772568119028,0.05387944959334559,5,54.44306244192939,3.1400477903789605,0.07209476399606078,5
5.651000000000222,transfer,5.6500000000002215,0.18267992676696831,-0.30944881138109304,0.1441071489063717,-0.3609799391309966,0.00022882223165091725,0.4857232553105649,0.48572325531057203,1.446794901238406,173.63258628494384,1,0.00038696934975163323,10,65.89240846730846,2.8744191822377685,0.05452864846456229,5,54.431967363778476,3.1366985204277404,0.07203254521981148,5
5.661000000000225,transfer,5.660000000000225,0.18242489666820116,-0.30867411536894346,0.1445334677592485,-0.35882998682649825,0.00023734733981398235,0.48374124534003066,0.48374124534003676,1.4626412859282045,174.02889809706284,1,0.0003870071679200092,10,65.90008530353242,2.905010293211022,0.0551025518371997,5,54.41976704845336,3.1281683165640506,0.07185275880037405,5
5.6710000000002285,transfer,5.670000000000228,0.18222214032630876,-0.30782615010123854,0.14491406762627337,-0.3565227292520376,0.00024662763989735355,0.4816241354881432,0.4816241354881512,1.4793261260206418,174.35710173426125,1,0.00038703619788104055,10,65.90750775397721,2.9321795770905177,0.055611638131499025,5,54.40718749968775,3.1157325297304315,0.07158366093055979,5
5.681000000000232,transfer,5.6800000000002315,0.18207662109819017,-0.3069031574312962,0.1452505693141867,-0.35405537945877896,0.00025637208855171413,0.479376536533399,0.4793765365334081,1.4967783612153271,174.6982976235246,1,0.0003870585633729257,10,65.91655637076211,2.9594204842955416,0.05612058349289427,5,54.39426456895713,3.1024648495582308,0.07129577157958329,5
5.691000000000235,transfer,5.690000000000235,0.1819920731603468,-0.305904947389929,0.1455449798297354,-0.3514258818610295,0.00026639116591897283,0.47700378695126194,0.4770037869512682,1.5149222619209028,175.07381129070293,1,0.0003870731343115764,10,65.9280462706732,2.987579744148941,0.05664470421061732,5,54.38124608249246,3.089283633901242,0.07100985763582494,5
5.7010000000002385,transfer,5.700000000000238,0.18197105924759338,-0.3048322345543174,0.1457995744832512,-0.3486332958176975,0.0002765304984013689,0.4745136986428575,0.47451369864286247,1.5336811028904775,175.4921223184519,1,0.0003870795409864812,10,65.94239757901718,3.016931632201855,0.05718876896663369,5,54.36824964425824,3.076620270542985,0.07073568421537144,5
5.711000000000242,transfer,5.7100000000002415,0.18201502864069452,-0.3036863715184706,0.14601684224660003,-0.34567747396564863,0.0002866584929149659,0.4719162961150434,0.47191629611505115,1.5529785437935442,175.95727445051995,1,0.00038707739913871247,10,65.9597884109791,3.0475661103744858,0.057754242846146206,5,54.35523234387493,3.064742752821555,0.07047947871496194,5
5.721000000000245,transfer,5.720000000000245,0.1821244054416448,-0.30246918383725035,0.14619945302366735,-0.34255872133893733,0.0002966642158377801,0.46922339805974006,0.4692233980597509,1.5727396620503664,176.47265858791718,1,0.000387065948859569,10,65.98021576085097,3.0795101754884135,0.058341544885406875,5,54.3420255529618,3.0539232279570747,0.07024773177116662,5
5.731000000000249,transfer,5.730000000000248,0.18229875916077254,-0.3011827718611037,0.14635025874397856,-0.33927399798295693,0.00030647405029549254,0.4664425574846064,0.46644255748461394,1.5928942807602138,177.0450101923347,1,0.00038704063838899917,10,66.00367997788038,3.1129847456245514,0.05895475727012109,5,54.32818838718352,3.0444813406765747,0.07004838167479724,5
5.741000000000252,transfer,5.740000000000252,0.1825368079421577,-0.2998291139504067,0.14647258268482932,-0.335820369040576,0.0003160136494375024,0.46358355258401396,0.4635835525840217,1.6133752739454317,177.65338718432116,1,0.0003870001711005907,10,66.02953095277164,3.14286796319009,0.05949739301945938,5,54.31389189648452,3.0384722678397758,0.06992852476928746,5
5.751000000000255,transfer,5.750000000000255,0.18288674678678665,-0.2985823972968291,0.14662480756839213,-0.33208337637876995,0.00029823936782765343,0.4601548626780247,0.46015486267803635,1.6333069547816248,168.1785638653062,1,0.00038762916985351673,10,65.53982485992103,3.230077139182683,0.06160523670314884,5,54.918214694349516,2.755438263186243,0.06271685720579667,5
5.761000000000259,transfer,5.760000000000258,0.18346766974610088,-0.29814662733631164,0.14694677046497345,-0.327387567639615,0.0002777290006406767,0.453705172383997,0.45370517238400687,1.6489506350171217,170.60018499960316,1,0.00038767370690831953,10,65.9137964249415,3.120232623072352,0.05917260103932637,5,54.817267208866326,2.7844621923482062,0.06349418563996377,5
5.771000000000262,transfer,5.770000000000262,0.18421516242186567,-0.29828893189490735,0.14738202118778448,-0.32195772116121324,0.00027762289630049844,0.4452485453381844,0.44524854533819,1.6617141132201405,180.26591794779293,1,0.00038645628048280395,10,66.17421746280738,3.106015585009826,0.05867118086352011,5,54.6581027304716,2.7875835994592224,0.0637504656264157,5
5.781000000000265,transfer,5.780000000000265,0.1850995476130528,-0.29864454417641273,0.1478704492831052,-0.3162393617618989,0.00028657941897072077,0.4363029558483617,0.43630295584837053,1.6734379177060166,187.4462132923153,1,0.00038538819962956236,10,66.29620249206559,3.256167527218734,0.061394307004395084,5,54.49417215739211,2.941678080573772,0.06747689624675615,5
5.791000000000269,transfer,5.790000000000268,0.18605075124525805,-0.2988722436556095,0.14831702791319745,-0.31055049377105914,0.000292937361988426,0.42789260138213286,0.427892601382139,1.6854300113804297,190.63859889050042,1,0.0003856202767254925,10,66.44265651224583,3.507193383675558,0.06598158411662014,5,54.17970081376982,3.296930763711286,0.07606471414090404,5
5.801000000000272,transfer,5.800000000000272,0.18697330843991228,-0.29869766662312636,0.14860047604890475,-0.3050894902211023,0.0003074300488747305,0.42038948826318534,0.4203894882631918,1.698441157954982,189.92293200663624,1,0.00038525668628707643,10,66.3533816254772,3.4754651889715653,0.06547264630362708,5,54.07296439988606,3.212263559555817,0.07425761642639352,5
5.811000000000275,transfer,5.810000000000275,0.18791273696504185,-0.2981490316495798,0.14873087613795202,-0.2997715623464448,0.00032894128376192094,0.4136726421701707,0.413672642170176,1.712403232286883,189.29285842668432,1,0.0003848869642669558,10,66.2826526027135,3.455707873995378,0.06516991509656908,5,53.982594463116854,3.1451405197942193,0.07282765285445639,5
5.821000000000279,transfer,5.820000000000278,0.18891681868450816,-0.2972716967216729,0.14872892063388815,-0.2945125764428924,0.00035164695341161414,0.4076410607074034,0.4076410607074071,1.7272472177755602,188.7444173366328,1,0.00038472173626384485,10,65.86874361656056,3.2463329905963563,0.06160609745143542,5,54.2817173392456,2.533947271026976,0.05835176637813685,5
5.831000000000282,transfer,5.830000000000282,0.19014716040621257,-0.29653599447223594,0.14880036565853672,-0.28890238836517695,0.00035759236175162144,0.4011016414110928,0.40110164141109433,1.7409596938971008,183.03366489541128,1,0.00038472426718392936,10,65.94647743022733,3.242822118881426,0.061466932072156456,5,54.343575171711294,2.568836078608822,0.05908785147305778,5
5.841000000000285,transfer,5.840000000000285,0.19161580635013484,-0.29609940796517686,0.14901375053080654,-0.28275302699415733,0.0003673983793477048,0.393805750531059,0.39380575053106087,1.7530469205041355,188.67652127737577,1,0.00038494308968747945,10,66.14322140728869,3.3126752342464747,0.06260420878671916,5,54.266373337836455,2.6649788938300922,0.0613865164076658,5
5.851000000000289,transfer,5.850000000000288,0.19326215098491908,-0.29573124693809216,0.14925355262378173,-0.2763010783653645,0.0003816339577594921,0.38648152639827577,0.38648152639827865,1.7645863142127896,195.0197337320919,1,0.00038574042033983973,10,66.51787871162134,3.612580836237196,0.06788740309765098,5,53.91257323034657,3.2189941578614416,0.07463458811611497,5
5.861000000000292,transfer,5.860000000000292,0.19495387952628818,-0.2950150494893611,0.14929241422943687,-0.2699068223577853,0.00040438635611441613,0.3799847300075441,0.3799847300075471,1.777227432548811,193.73906246183776,1,0.0003862213777687151,10,66.46378560460047,3.5703652836904003,0.06714869705381458,5,53.85725929636419,3.148651750947707,0.07307862932695378,5
5.871000000000295,transfer,5.870000000000295,0.1967233930993997,-0.2939811054729564,0.14914376754753292,-0.2635379180076725,0.00042572719614663776,0.3741282049472882,0.374128204947292,1.79088680161296,189.00974787439412,1,0.0003862021681312654,10,66.10460299173165,3.3287238930284633,0.06294425316805886,5,54.18717819870164,2.5849577145760865,0.05963028986989269,5
5.881000000000299,transfer,5.880000000000298,0.19870283134049377,-0.29304816047445326,0.14901562915287042,-0.25680062979426627,0.0004369454039911687,0.3680750168860996,0.3680750168861081,1.8040065483338814,189.7457480908212,1,0.0003861473984669202,10,66.22457570961315,3.361685582233929,0.06345238052136638,5,54.174504254353195,2.6444505558180724,0.061016953274786484,5
5.891000000000302,transfer,5.890000000000302,0.20085088593793302,-0.29216132021050684,0.1488763429258003,-0.2497195066379833,0.0004519903756179329,0.3620955717301255,0.3620955717301374,1.8169741207914936,196.35858000515438,1,0.0003869906381088296,10,66.60940575225814,3.6323589475977505,0.0681652783600049,5,53.827874604538145,3.1835475506361353,0.07392887918260233,5
5.901000000000305,transfer,5.900000000000305,0.20303998055157094,-0.2909303325860541,0.14852465130450554,-0.24265679619085193,0.0004772353451682124,0.3570051885343594,0.3570051885343688,1.831286844730349,194.8356162244683,1,0.0003881715515492737,10,66.23079975647082,3.427902961056344,0.0646961642781883,5,54.09847016120572,2.634255754609041,0.06086714991106344,5
5.911000000000309,transfer,5.910000000000308,0.20537955665551563,-0.2896222246547119,0.1480871400457627,-0.23538509801231672,0.0004899801375679179,0.35211993514037127,0.352119935140381,1.8458549076973882,189.95745372116974,1,0.0003878544950015481,10,66.27210228845237,3.3905784697155834,0.0639518430952653,5,54.14476094357492,2.6151238951925557,0.06037342878653153,5
5.921000000000312,transfer,5.920000000000312,0.20788155219938717,-0.28838627706651415,0.14763754171951732,-0.2277197247243289,0.0005017127503548415,0.34730263448735493,0.3473026344873633,1.860278906285664,192.82701736524285,1,0.00038844414899017545,10,66.64849419179906,3.516092104224469,0.06594470263097699,5,53.840159956102326,3.032895621452769,0.070414343677786,5
5.931000000000315,transfer,5.930000000000315,0.21041281239685822,-0.286847325836414,0.14699509197044372,-0.22001599014799933,0.000528158056937731,0.34340070729006045,0.3434007072900696,1.8760172758376668,196.1572181418583,1,0.0003899312330496605,10,66.65666841295095,3.616350859596656,0.06781674935343045,5,53.71506164760237,3.1405818543386337,0.07308429325983136,5
5.941000000000319,transfer,5.940000000000318,0.21303638117869922,-0.2851026379423727,0.1462020894758094,-0.2122182315794744,0.0005422965100867667,0.3400268483447575,0.3400268483447652,1.8925678048515497,189.8362147525833,1,0.00038974448043151947,10,66.30722576915069,3.4232037713749865,0.06453300774663885,5,54.10673515991465,2.5910387484988204,0.05985943202913879,5
5.951000000000322,transfer,5.950000000000322,0.21581927771438814,-0.2834376513734445,0.14539600568677688,-0.20398987531065843,0.0005525679405227634,0.33676902050047697,0.33676902050048474,1.908913594498937,192.43142028204204,1,0.00039023960194088403,10,66.46403540713872,3.459131229927471,0.0650564476099343,5,54.029920107477345,2.686796238618379,0.06215991605377522,5
5.961000000000325,transfer,5.960000000000325,0.2186363660215153,-0.28153592783592746,0.14443608695186463,-0.1956421929892433,0.0005778184672571191,0.3343680255282497,0.3343680255282592,1.9262314858094225,197.39710464449627,1,0.0003917334930506001,10,66.76107211967054,3.644041632875061,0.06822916254144039,5,53.639353677264076,3.1621605766863925,0.07369031224053335,5
5.971000000000329,transfer,5.970000000000328,0.22147379303639886,-0.279288009568549,0.1432724363317282,-0.18733729106017222,0.0005964310621300935,0.3328542972961217,0.3328542972961283,1.9448574583963953,190.420988322521,1,0.00039179915316150347,10,66.3531370592681,3.455709804217972,0.0651007238951501,5,54.03109418512465,2.5855609062809686,0.0598165034707182,5
5.981000000000332,transfer,5.980000000000332,0.2244556816191203,-0.2770708675590555,0.14207770926383687,-0.1786344052397714,0.0006062034006653779,0.3316284649732152,0.3316284649732205,1.9633232663470523,192.0341539284705,1,0.00039206902851083626,10,66.48811118042103,3.4801776454786393,0.06542857030550332,5,53.97821855421775,2.6629876321783517,0.061668106680464706,5
5.991000000000335,transfer,5.990000000000335,0.2274514494476964,-0.2746028261339583,0.14073748510211723,-0.16981686664563272,0.0006336819211335519,0.33133003697272123,0.33133003697272717,1.9826407989646382,197.2170038998018,1,0.0003935044058848048,10,66.80319124281357,3.643137233030262,0.06816922150822728,5,53.57124149695602,3.1429986318113663,0.07333689083885508,5
6.001000000000339,transfer,6.000000000000338,0.2304849619412929,-0.27185640174340975,0.13923815087869368,-0.1609837046632997,0.0006482201328542251,0.3318566777889767,0.33185667778897826,2.002908272854201,190.92264691509465,1,0.0003933984289579317,10,66.44078962629267,3.4906654134442316,0.0656724851006073,5,53.9577243533584,2.614085976248223,0.060558659755763,5
6.011000000000342,transfer,6.010000000000342,0.2335874283429314,-0.269018181453478,0.13766323470126496,-0.15185883646172132,0.0006670079988548635,0.33302130467914226,0.3330213046791471,2.0233129709032176,196.82535965153863,1,0.0003941906989941199,10,66.84735525868922,3.634818477411404,0.06796862911302179,5,53.552925376651416,3.122293520710013,0.07287868726941908,5
6.021000000000345,transfer,6.020000000000345,0.23667942389258828,-0.26584365955685224,0.13592524061167371,-0.14276961325727372,0.0006862729196313153,0.33517973753055785,0.3351797375305577,2.0447677151685744,191.30261438731876,1,0.0003944946011042623,10,66.46267106888708,3.513146165149309,0.06607367166879306,5,53.91772528606887,2.6084409642712045,0.06047271445595385,5
6.031000000000349,transfer,6.030000000000348,0.23979483519645264,-0.262490838733938,0.13408631370663893,-0.13350371741517378,0.0007076965992745766,0.33810577219805843,0.3381057721980567,2.066575381282407,196.58828920950128,1,0.00039525711991150557,10,66.50083877986575,3.567302988670393,0.06705372169212499,5,53.845463371798,2.611310344530736,0.060620481768813954,5
6.041000000000352,transfer,6.040000000000352,0.2429354387958398,-0.25893675224574,0.13214245184097684,-0.12412438534109779,0.0007196988387467811,0.3418115839708533,0.341811583970855,2.0888202689071633,191.41594533244637,1,0.00039499700728303346,10,66.82301633642153,3.5142432136254476,0.06573788879741926,5,53.59543466777106,2.96813860313308,0.06922554648385781,5
6.051000000000355,transfer,6.050000000000355,0.24600877468516105,-0.2550573386253885,0.13006298857729437,-0.11475534501375614,0.0007449426190035673,0.34648409989697115,0.3464840998969692,2.1118545874268677,193.34348669326766,1,0.0003958145070626182,10,66.47560922623944,3.555643716527343,0.06685993099413087,5,53.860515273346714,2.574772166539039,0.05975555918542205,5
6.061000000000359,transfer,6.060000000000358,0.24911344103742714,-0.25104341696161,0.12790939108362656,-0.10520246027956724,0.0007534073891157768,0.35183620387867315,0.3518362038786786,2.134980983490021,191.1609209249207,1,0.0003953149399611084,10,66.8511557132717,3.5305191844286155,0.06601455028637065,5,53.576952810265986,2.9655131045105305,0.06918817114824563,5
6.071000000000362,transfer,6.070000000000362,0.25210010776504216,-0.2466836630713145,0.12562873009308967,-0.09570201144054713,0.0007814626559051233,0.35813651929376017,0.35813651929376633,2.1588618929004038,195.71640057332374,1,0.0003962582597905422,10,66.49730264114683,3.607653088848265,0.06781577871505913,5,53.81457168486976,2.5582358667890004,0.05942247115171831,5
6.0810000000003654,transfer,6.080000000000365,0.25507669031612706,-0.24213797011008112,0.12327167378088148,-0.08611630227382676,0.0007857213519641541,0.36511389270940775,0.3651138927094185,2.1829447620665294,190.195102160193,1,0.0003953197170133493,10,66.53716551843478,3.616677975008514,0.06794469577319306,5,53.87509583875246,2.6382618690024127,0.06121246347520893,5
6.091000000000369,transfer,6.0900000000003685,0.2579910417745269,-0.23743991336650064,0.12085522383214149,-0.07634168002643912,0.0008056518340935171,0.3729017431201536,0.3729017431201622,2.2070534975719416,195.24321392633195,1,0.0003958050178722997,10,66.9304528716805,3.6637143651571122,0.068423905112767,5,53.45763399997351,3.057531515101206,0.07149426766396734,5
6.101000000000372,transfer,6.100000000000372,0.26072075886068946,-0.23232201842150543,0.11831295551939669,-0.06682790318091116,0.0008221824763086092,0.3814327036748985,0.38143270367491,2.232059842149552,190.480727913284,1,0.00039538743717367695,10,66.47599654009852,3.6605698404897753,0.06883254917212314,5,53.871243592750695,2.590952582134778,0.06011910087229346,5
6.1110000000003755,transfer,6.110000000000375,0.26345751600593686,-0.227177222574941,0.1157556639540119,-0.05700813023643548,0.0008232724637390385,0.39063580500723843,0.39063580500724926,2.256647483835263,190.86744670512482,1,0.0003944690532295266,10,66.91827452908434,3.611337662150373,0.06745798676751588,5,53.54438718475633,2.974781454257738,0.06944662201458146,5
6.121000000000379,transfer,6.1200000000003785,0.2659864079531466,-0.22172608011979708,0.11311772485816544,-0.04727700220777272,0.0008494210028695106,0.4005877989867151,0.40058779898672137,2.2816881098580084,194.6241217973183,1,0.0003949925852395788,10,66.93369730207691,3.699065366152956,0.06908077536526165,5,53.418703530829404,3.031586727697619,0.07093926207765429,5
6.131000000000382,transfer,6.130000000000382,0.26838882653129875,-0.21604268757118414,0.11042774825228474,-0.037615194935434554,0.0008480429403014856,0.4110898229129424,0.41108982291294516,2.3069470361501248,189.8510842370748,1,0.00039360826968779054,10,66.54260395751871,3.7567472490577556,0.07057033812984105,5,53.873055702462935,2.6820983562586456,0.06223190612835487,5
6.1410000000003855,transfer,6.140000000000385,0.2707198624119542,-0.21033631642728892,0.10773461246341842,-0.02765344447637359,0.000855909096795141,0.4223412799666762,0.42234127996667825,2.331739502625946,194.05996665596115,1,0.0003932408755299121,10,66.9886956934954,3.7334660284512777,0.06966597106050605,5,53.456190789678466,3.0184161048035447,0.07058153742845703,5
6.151000000000389,transfer,6.1500000000003885,0.2727381072754959,-0.20424576880638198,0.10496614186353342,-0.018010881339071326,0.0008757474470403993,0.43406264445815707,0.4340626444581533,2.357170871871551,194.0244654581696,1,0.00039313598424208624,10,66.50422239835484,3.7768814726216804,0.0709895051850706,5,53.81913629706344,2.5459796684269103,0.05913276957785896,5
6.161000000000392,transfer,6.160000000000392,0.27466584821099993,-0.1980853788070328,0.10219993127145706,-0.008235306136835785,0.0008645238505634995,0.44633352541652116,0.44633352541651855,2.382271007264284,190.53729130918637,1,0.00039114457139854985,10,66.57451103171233,3.8661124300721226,0.07258995166015048,5,53.88011201705921,2.758215834355587,0.06398965525262587,5
6.1710000000003955,transfer,6.170000000000395,0.27650219918079677,-0.19195227992384445,0.09945740834923622,0.0018669906091817656,0.0008686212809222372,0.45940462001526167,0.4594046200152688,2.4067925279727387,193.7249606248647,1,0.0003906402449681497,10,67.01904053121916,3.8166359905139435,0.0711856653023863,5,53.459803599408794,3.012092336632241,0.07042890484603163,5
6.181000000000399,transfer,6.1800000000003985,0.27796952178260304,-0.18548997913660414,0.09666659930905884,0.011635643912547159,0.0008878777636652501,0.47275950830049684,0.47275950830050495,2.4317491770641744,193.66508702731699,1,0.00039031632590292713,10,66.96726449506096,3.8335017832601226,0.07155551694109542,5,53.392193107575466,2.9989529365311225,0.07021047371309469,5
6.191000000000402,transfer,6.190000000000402,0.2792578328392147,-0.1789275233671398,0.09388865075975937,0.021409901394830694,0.0008712623388060512,0.4865244891302067,0.4865244891302131,2.4564673206061394,190.9652300017627,1,0.0003881824602785348,10,66.53570886858593,4.008807198001021,0.07531307748442982,5,53.91315295125602,2.8688482559238837,0.06651549990309572,5
6.2010000000004055,transfer,6.200000000000405,0.2804881444322696,-0.1725184443593919,0.09116140652164227,0.031661619351568145,0.0008633279897332464,0.5011623082706592,0.5011623082706638,2.480242950799409,193.31571838688131,1,0.00038694013105668656,10,67.0563055202394,3.915684172290794,0.07299246770888933,5,53.47264385492177,3.053136518686231,0.07137145974514059,5
6.211000000000409,transfer,6.2100000000004085,0.2813638089881326,-0.1659056065275135,0.08843335058025796,0.04170828574757414,0.0008768859660397591,0.5161175442691265,0.5161175442691324,2.504158643739649,193.4997189532669,1,0.00038672586325759457,10,67.0046376536085,3.9405271387289753,0.07351220894403196,5,53.40735264757787,3.0252949093175543,0.07080707897283214,5
6.221000000000412,transfer,6.220000000000412,0.28203417926867813,-0.1592514753895655,0.08574385672305336,0.05177571039621095,0.0008557072806281996,0.5314827463581278,0.5314827463581372,2.5277346495809314,192.81518049895877,1,0.0003850008597640108,10,66.60558072143755,4.138524109717634,0.07766849385763287,5,53.882392894929865,3.054845114985182,0.07086835213828802,5
6.2310000000004155,transfer,6.230000000000415,0.2825214148669019,-0.15268643026080309,0.0830952831545001,0.06213895857914954,0.0008560228132303072,0.5475635442926098,0.547563544292621,2.550595855297633,193.42947381608533,1,0.0003856455464747901,10,67.0373670044416,4.026697582345635,0.07508307982320599,5,53.43375728405323,3.0830782119830284,0.07212384007532495,5
6.241000000000419,transfer,6.2400000000004185,0.28271697746990354,-0.14606582298371248,0.08048125821574532,0.07244387744112724,0.0008372165195958841,0.563948160897801,0.5639481608978033,2.5731920054806117,193.0930793425209,1,0.00038719249323495306,10,66.59871175755984,4.239666405282742,0.0795748576323153,5,53.90170730537437,3.1867146543042466,0.07390106022640096,5
6.251000000000422,transfer,6.250000000000422,0.28271840037873874,-0.13957594673976892,0.07791038977102786,0.08304151224607939,0.0008341889804125632,0.5810074852112579,0.5810074852112617,2.594985377831467,193.46304828553352,1,0.00038801809893895285,10,67.04510238431632,4.110622773220659,0.07663913222284537,5,53.44003270091223,3.158688886577158,0.0738839575626616,5
6.261000000000426,transfer,6.260000000000425,0.2824216085626854,-0.13308986093209763,0.07538053425699782,0.09361887237540546,0.0008101857966512211,0.5983678503574504,0.598367850357454,2.616381128650131,193.4305643395801,1,0.0003896187435919362,10,66.58951264981596,4.357345309448366,0.08179488661305755,5,53.92971307247943,3.370380663905382,0.07811975235654697,5
6.271000000000429,transfer,6.270000000000429,0.28193285929489015,-0.12679140600210947,0.07289656311049084,0.10452642127242517,0.0008040095183573476,0.6164399325086845,0.6164399325086887,2.6368631678271446,193.5781392925266,1,0.00039048940854792053,10,67.04929513205104,4.2125593723235975,0.07853474380355381,5,53.45517660940317,3.267115001785702,0.07639847085480847,5
6.281000000000432,transfer,6.280000000000432,0.28114499365905765,-0.1205528010675606,0.0704586533869573,0.11544123278454063,0.0007754797464561664,0.6348248759182291,0.6348248759182329,2.6568454600622675,193.84535242654457,1,0.00039219748885541334,10,66.58182842660517,4.472852653008585,0.083972848874583,5,53.95836624767628,3.5719849919686375,0.08274863659633284,5
6.291000000000436,transfer,6.290000000000435,0.28017086477941,-0.11455146714143909,0.06806934646933395,0.12670326936313106,0.0007666850386916636,0.6539553665285384,0.6539553665285409,2.6758407130160013,193.75704848305344,1,0.00039323327684770285,10,67.04543449841397,4.3165738774638776,0.08047852008413023,5,53.4777114857241,3.408966084802153,0.07968193641083954,5
6.301000000000439,transfer,6.300000000000439,0.2788452189315483,-0.10860245981473803,0.06572323850183139,0.13787921317610038,0.0007415127887802802,0.6732774373772985,0.673277437377302,2.6944128982635926,194.24367816767523,1,0.0003944554783512546,10,66.50619433277186,4.573982087479018,0.08596909906979004,5,54.00606442358851,3.7585254661794605,0.08699313462049434,5
6.311000000000442,transfer,6.310000000000442,0.27739380972008837,-0.10297832877247962,0.06343692395208175,0.14948241256400893,0.000722175297597309,0.6934570210472827,0.6934570210472856,2.7118168806681133,194.03958941912504,1,0.0003959896162198928,10,67.03854395144268,4.440772717291014,0.08280260234521859,5,53.51295000325919,3.6110643796830746,0.08435024558221757,5
6.321000000000446,transfer,6.320000000000445,0.27558274754326906,-0.09743828841885094,0.06119302291220578,0.16099707128248902,0.0007021169999692245,0.7138367535586335,0.7138367535586366,2.7287686591087184,194.45975086920433,1,0.0003964652794562159,10,66.4221668444101,4.6218740773330085,0.08697913469458675,5,54.067756869498,3.884389965760891,0.08980375251965202,5
6.331000000000449,transfer,6.330000000000449,0.27368504106535263,-0.09230167402809106,0.05901615563301972,0.17291248678087334,0.0006668969277516318,0.7350479049835037,0.7350479049835053,2.7444890527053536,194.50538892721426,1,0.0004003829114532801,10,67.00183789256747,4.588039974653665,0.08559541273349565,5,53.51317506450456,3.8490445194435807,0.08990880551387481,5
6.341000000000452,transfer,6.340000000000452,0.2714645804914042,-0.08731125604354494,0.05688098244147328,0.18477228044371866,0.0006564337441823938,0.756509339743401,0.7565093397434054,2.759641010522488,194.23768982110846,1,0.00039847769678866274,10,66.24539469107478,4.5801405618198325,0.08642375411865635,5,54.01432891530229,3.888543824105921,0.08998870999127358,5
6.351000000000456,transfer,6.350000000000455,0.2691668554076305,-0.08274933474555418,0.05481807013020528,0.19692307000245957,0.0006008664678782664,0.7786745357928068,0.7786745357928095,2.7736353703485053,195.63770713378813,1,0.00040513718047016325,10,68.67089507771603,4.650208371147402,0.08464663897792292,5,55.6077220431905,4.003830655814259,0.09000167846977448,5
6.361000000000459,transfer,6.360000000000459,0.2666269356833353,-0.07844226827806602,0.05279724905953582,0.20909733909522973,0.0006052293631922498,0.8011937894368936,0.8011937894368963,2.7868507679703067,194.56424347789547,1,0.000401146572392583,10,66.70048303631886,4.690254261866006,0.08789768170254723,5,53.33682705936242,4.048560945674103,0.09488193169909051,5
6.371000000000462,transfer,6.370000000000462,0.2639576739152832,-0.07446465046278261,0.050843473178730586,0.22139714883533756,0.0005475122048187174,0.8242201470023782,0.8242201470023808,2.7988590614227755,196.0202176559069,1,0.00040802973873763586,10,69.43381807772779,4.6710841371337715,0.08409238225789195,5,56.645982071109614,4.083179112488093,0.0901030170895956,5
6.381000000000466,transfer,6.380000000000465,0.26110956802717034,-0.07080116432421707,0.048927351755345815,0.233726076329276,0.0005381197784032862,0.8476116323422579,0.847611632342261,2.809569022420283,195.1137862451597,1,0.00040512947171421647,10,66.95716451042284,4.71223928565711,0.08797115514284476,5,55.18073360172873,4.273958742302957,0.09681727804559896,5
6.391000000000469,transfer,6.390000000000469,0.25818231019428056,-0.06750130240769135,0.04705365198439779,0.24621995508043554,0.0005115909207499351,0.8240618128465571,0.8715937243177153,2.8180841743506644,195.2709176495835,1,0.00040959811890824816,10,67.50616407500098,4.780174747336714,0.08851367154460561,5,54.48269990946129,4.251239389303849,0.09753645185463707,5
6.401000000000472,transfer,6.400000000000472,0.2551225816132262,-0.06446824718295664,0.04520615618178735,0.2587758538871232,0.0004768062534952797,0.798638813093358,0.8960259820760144,2.824053634990804,196.15450991005451,1,0.00041051090652209805,10,69.71916246306532,4.703290295319275,0.08432563819543348,5,57.23743899358778,4.204592535285329,0.09182347710727332,5
6.411000000000476,transfer,6.410000000000475,0.25189562078167516,-0.061653822711415375,0.043355145063631605,0.271210043688798,0.0004897114178586725,0.7733893428244594,0.9205783764133806,2.8267904481447266,195.03392400197086,1,0.0004074531583009765,10,67.87687606877533,4.75586413125745,0.08758255400629064,5,55.131210117342285,4.280183163629952,0.09704537490016842,5
6.421000000000479,transfer,6.420000000000479,0.2486229968941495,-0.05911561982518073,0.041511553827994006,0.28335303830805986,0.00044435260141740347,0.7485917123428285,0.9448979086379401,2.8253618353820853,196.30809763363425,1,0.0004123745654727937,10,69.92201736427282,4.721522996633338,0.08440694316705018,5,57.62133009969074,4.26648229703585,0.09255431733470929,5
6.431000000000482,transfer,6.430000000000482,0.24520864505916656,-0.05675945378257274,0.039634444246479085,0.2948905047301912,0.00046651978410035337,0.7249625591233052,0.9684258626729864,2.819213272880589,195.03191889722189,1,0.0004063451264460049,10,67.84947525845081,4.763082510569191,0.08775090913425926,5,55.23039207274804,4.329382233460743,0.09798459849239782,5
6.441000000000486,transfer,6.440000000000485,0.2416512787052889,-0.054491856900432185,0.03773893831105675,0.30554842091453355,0.0004426893354782728,0.7031962879040224,0.9906779136151717,2.8079483627531405,196.57925501449245,1,0.0004084359123376239,10,70.36205897790882,4.691540324003422,0.08334641552836733,5,58.252285688325614,4.272835336488615,0.09168814764089457,5
6.451000000000489,transfer,6.450000000000489,0.23796484870309925,-0.05232316277816261,0.0358011941335299,0.31512024416863343,0.00046096801300131023,0.6837693658402682,1.0112548904006158,2.790526865888327,192.93329838168668,1,0.00040156825909645175,10,66.720271643014,4.57292977332904,0.08567354532435892,5,55.52429523202316,4.357415380934883,0.09809704388696548,5
6.461000000000492,transfer,6.460000000000492,0.23423324313535365,-0.05025927717237353,0.03384149983626384,0.32347822910782265,0.0004639117402997677,0.6670114496575131,1.0299036537680548,2.7660559070367423,192.06552450245712,1,0.00040155895457664927,10,66.89696167512112,4.7099430462531195,0.08800741708432365,5,54.22511891053894,4.28307269095684,0.09873359378941819,5
6.471000000000496,transfer,6.470000000000495,0.23024161033401064,-0.04797046462583917,0.03185990134868057,0.33013587241906023,0.0004916225984027555,0.6542838727713927,1.0457414125546376,2.734893090655656,189.45578956027492,1,0.0003914413470780602,10,65.88397288028114,4.4051372932440565,0.08357755878748965,5,54.66486028700028,4.19582668246515,0.09594432923719894,5
6.481000000000499,transfer,6.480000000000499,0.22631204024887447,-0.04566604836709197,0.029908528945276496,0.3352342167175672,0.0004860552910640342,0.6450925585276824,1.058928279322427,2.696347045442679,188.90641147988907,1,0.00039644998375159727,10,66.36278848976934,4.5280853627288895,0.08529036877773284,5,53.65890656115411,4.040057257887209,0.09411432129358682,5
6.491000000000502,transfer,6.490000000000502,0.22215951225128255,-0.04306901748817223,0.027963719490457006,0.33829309654109185,0.0005372109025728929,0.640582624390665,1.0685479036554273,2.650752295555875,181.78882968011135,1,0.00039130385628645425,10,65.2690896061788,4.036864796102856,0.07731195617367513,5,52.62088775477962,3.339392863052543,0.07932669433986367,5
6.501000000000506,transfer,6.500000000000505,0.21783613185915146,-0.04020903370871634,0.026050385546824494,0.33898963458337594,0.0005327215458470555,0.6411303866918514,1.0738578172686486,2.5968845500990874,181.1842481878475,1,0.0003899999039832193,10,65.30218720133935,3.6709563190000516,0.07026863257431522,5,53.872156223515,3.188141223658515,0.07397469878574543,5
6.511000000000509,transfer,6.510000000000509,0.21363614761444044,-0.03732096549356954,0.024208424754917877,0.3374308739485013,0.0005410096117378484,0.6461651875191088,1.0749726598786267,2.534807505909878,175.5989850258597,1,0.00039051663241519973,10,66.20469131385063,3.718221818244907,0.07020314090391017,5,53.9169845229551,2.9864996081324913,0.06923837716807475,5
6.521000000000512,transfer,6.520000000000512,0.20963665965516817,-0.034526404525635566,0.022710353078303436,0.3373642212351763,0.00036726738711059586,0.6403152252569144,1.0753155795365155,2.4668554744895568,142.70981626869678,1,0.0004776511805510095,11,94.77381343109079,75.81905074487264,1.0000000000000002,5,55.49214580182601,16.55097196152952,0.3728223995120967,5
6.531000000000516,transfer,6.530000000000515,0.2076262036371094,-0.03320234557253805,0.02174868168403967,0.3367409904107006,0.00018469720921780695,0.6326487999451869,1.0741156210183094,2.3930590321158416,167.7756607177745,1,0.0008790762090240172,9,111.5410879397256,32.628410402744024,0.36565460994489885,4,92.29282006524178,20.66732689155897,0.2799151504546784,4
6.541000000000519,transfer,6.540000000000519,0.20759768274688192,-0.03289242023518988,0.02109235700978881,0.32912784519369104,0.00021353260092674709,0.6440035082616489,1.0593054675489393,2.3130078715779043,173.2099022854788,1,0.0009005593425185676,10,84.32850173898314,36.58832113283428,0.542348084845677,4,113.10598543942167,57.27552433077062,0.6329851168823285,4
6.551000000000522,transfer,6.550000000000522,0.20830872992965463,-0.03271605560762944,0.02144553894885482,0.31894076282211087,0.00027864454389589765,0.6631751458682424,1.0406588656763143,2.2270810680384896,175.74524653634023,1,0.0008346982370466656,10,84.88625476435425,28.552341054808913,0.42045000592367276,4,111.8237011746429,50.24691837620749,0.5616756314671314,4
6.561000000000526,transfer,6.560000000000525,0.21040714402611915,-0.03348983600426219,0.022937178436568534,0.3076318875410127,0.0005134365830735015,0.6809131095558079,1.019348657008795,2.136586596030422,179.24227504745335,1,0.0007859964108719758,10,98.88132757842253,28.763215685486507,0.36360777598119415,5,99.99652781205151,24.2545060568212,0.3031918531012492,5
6.571000000000529,transfer,6.570000000000529,0.21509175217890786,-0.036026549744145535,0.025530420643967,0.2968951914937213,0.0008447582680171103,0.6942560698837731,0.9985095702398437,2.04159998760254,182.51366712745414,1,0.0007388492326631927,10,99.40246984982235,20.692608696383395,0.26021245658742015,5,97.05567311196164,16.37299147745007,0.21087112881287332,5
6.581000000000532,transfer,6.580000000000532,0.2223545198878306,-0.039993627692199704,0.02869404344874299,0.2871577665051567,0.0010133888378449378,0.7056549120170934,0.9794556302874041,1.9449655760926994,205.87840750293418,1,0.0005981373472175328,10,74.9166539324648,9.180403615144556,0.1531769495374891,5,63.08483364348569,8.093901031016326,0.16037731582121967,5
6.591000000000536,transfer,6.590000000000535,0.23091484679252725,-0.04420263825771636,0.03201308102034088,0.27761906565202893,0.001105798613910395,0.7181787820633171,0.9610075635854566,1.8498325491349286,204.42373299475466,1,0.0005420809314495838,10,72.92303098048852,5.920284591167855,0.10148173546077476,5,60.452491411921635,5.32586164016951,0.11012494100282884,5
6.601000000000539,transfer,6.600000000000539,0.2401163092531363,-0.048198220773975765,0.03549387230723681,0.2682069253084112,0.0011341590298951836,0.7319379071832254,0.9432597513356641,1.7559872332399997,203.38976687984282,1,0.0005197761628031069,10,70.41742673494555,3.9419207658243396,0.06997416954509555,5,57.349873039692056,3.7651948809139983,0.08206632990948588,5
6.611000000000542,transfer,6.610000000000542,0.2494310651932053,-0.051554741138074345,0.03908919643846595,0.25873020095240534,0.0011102121608568619,0.7471678607988765,0.9259488210477622,1.6632418258510389,202.6114197597604,1,0.000503763228355258,10,68.12987025847269,2.779649827099414,0.050999103193538925,5,54.65697765088103,2.903948287602828,0.06641302749467017,5
6.621000000000546,transfer,6.6200000000005454,0.25844630988539935,-0.053919926781026035,0.04271307487840359,0.24923024391180357,0.0010522025961845136,0.7636457865548486,0.9092502323577959,1.5716694052266205,202.15350606983725,1,0.0004912959219315242,10,66.33418456522296,2.3582860670585286,0.044439493801641375,5,52.59925655664167,2.4934393186938912,0.059255574173582265,5
6.631000000000549,transfer,6.630000000000549,0.2668727786679164,-0.05504562189725864,0.046259827111276276,0.23976906677603638,0.0009805564939526052,0.7811185438222945,0.8933647403848344,1.4814537639319267,201.9099992839992,1,0.00048096906135553896,10,65.08222747407565,2.4207188495709504,0.046493469560011616,5,51.238279396951505,2.3240894001846173,0.05669807387020914,5
6.6410000000005525,transfer,6.640000000000552,0.27453947293141445,-0.05480283989089795,0.04962120477610343,0.2303880507549501,0.0009143877020205522,0.7993817632979651,0.8784297101499523,1.392857079111977,201.79403360555247,1,0.0004716995163320237,10,64.34558062133297,2.653030942111812,0.0515387171211614,5,50.53708478038055,2.2512609218880892,0.055683389031822204,5
6.651000000000556,transfer,6.6500000000005555,0.28137502844187745,-0.05318689902873344,0.052708484512491785,0.221104603068881,0.0008668227832012978,0.8182741974931147,0.8645032933607104,1.30619733432646,198.51162463104873,1,0.00046274610190632603,10,64.00824063736388,2.812732274593962,0.054929104568921513,5,50.43534001898535,2.2750530830379416,0.05638539073449153,5
6.661000000000559,transfer,6.660000000000559,0.2873749361391048,-0.05032475858324175,0.05551908134080981,0.21189525502671827,0.0008409258384754415,0.8376618713868356,0.8514915575034455,1.2217663260535585,194.37061720464118,1,0.0004540569503723663,10,64.00987620392213,2.923236742605899,0.05708565841646599,5,50.766321510357436,2.337309600323982,0.05755069332350384,5
6.6710000000005625,transfer,6.670000000000562,0.29258308501083413,-0.04641809229607168,0.05810604860142836,0.2027085663141896,0.000831303544163381,0.8391837951589617,0.8391837951589627,1.1398373444355516,190.63697573370857,1,0.00044583748906765327,10,64.25227167703412,3.009655511709826,0.05855153897978008,5,51.3693013875581,2.412660047233558,0.05870870301094644,5
6.681000000000566,transfer,6.6800000000005655,0.2970728595366916,-0.041697356391621414,0.060536659505811066,0.19348428118442454,0.0008293502834570894,0.8273108263472507,0.8273108263472512,1.0606056670971749,187.6777029496821,1,0.0004396824627737789,10,64.63076206919843,3.086595912906853,0.05969672594921048,5,52.1050285725852,2.494802416867742,0.05985032743510407,5
6.691000000000569,transfer,6.690000000000569,0.3009269563028155,-0.03639195602919147,0.06288174892971703,0.184178279255117,0.000827862576532758,0.8156138129778371,0.8156138129778385,0.983750808532141,185.50731305707671,1,0.00043411658431759096,10,65.05339025197446,3.1612400739460083,0.06074318459232914,5,52.86014359934846,2.5804009238543326,0.06101953069339888,5
6.7010000000005725,final_hold,6.7,0.3042205142632598,-0.0306963633742235,0.06521114878527291,0.17477094477499797,0.0008247953870637003,0.8038736909886093,0.8038736909886112,0.9090529622520364,184.05812923107732,1,0.0004290988686993791,10,65.44680791585813,3.235148601286822,0.06178965606401498,5,53.540261581201015,2.703414086498811,0.06311638210804031,5
6.711000000000576,final_hold,6.7,0.3070070732085774,-0.024743818837162673,0.0675918191993236,0.16527235122290476,0.0008201488060850822,0.7919423080154122,0.791942308015413,0.8343363078847815,183.18419741483143,1,0.0004250660631945803,10,65.76607630722367,3.313681672922285,0.06298235083697538,5,54.09731211213854,2.7882361369293314,0.06442640188734297,5
6.721000000000579,final_hold,6.7,0.30932995994301593,-0.018627998199753158,0.07008516570846278,0.15570427819675065,0.000816866805593959,0.779711486095613,0.7797114860956156,0.7622249456874679,179.7244505888165,1,0.0004220764934146855,10,65.95168772739201,3.274267083620828,0.06205806091640229,5,54.54620215497296,2.789975237834652,0.06393605621496717,5
6.7310000000005825,final_hold,6.7,0.31131589092169093,-0.01240638484382693,0.07277017276076751,0.14611723473834903,0.0008210059587316469,0.7672026715856981,0.7672026715856999,0.6930341387682772,175.78249341585862,1,0.0004203913609691775,10,66.04106212511044,3.1893300572460754,0.060366421182099166,5,54.864551887938404,2.8132052174920963,0.06409432686240896,5
6.741000000000586,final_hold,6.7,0.31310084368981206,-0.006102385187750366,0.075731605458732,0.13657306477447553,0.0008323641214172924,0.7544971860671129,0.7544971860671151,0.6272081415450856,173.03982330882405,1,0.0004202359512821056,10,66.06464413941048,3.139986508822751,0.059411250709924174,5,55.043501893827866,2.8394987184657117,0.06448305932512148,5
6.751000000000589,final_hold,6.7,0.3147703935196676,0.0002916319037632268,0.07903921444591892,0.12713310272254502,0.0008512356799032288,0.7417159551851338,0.741715955185137,0.5655020355442215,171.11204898139422,1,0.0004213619450743994,10,66.02961562740307,3.1166409794702523,0.05900081633552644,5,55.10899658374399,2.8588032084636303,0.06484429461801611,5
6.7610000000005925,final_hold,6.7,0.31637077610319675,0.006807343213839371,0.08274874782057644,0.11786221237286551,0.0008779535491490639,0.7290253004246282,0.7290253004246325,0.5090812209943056,169.73327585959748,1,0.0004234395817499501,10,65.94887394967124,3.1120672253060775,0.0589863601704755,5,55.09045600121522,2.8657013954751953,0.06502263739230942,5
6.771000000000596,final_hold,6.7,0.3179193550263403,0.013492765791739173,0.08690160262623306,0.10883117447452433,0.0009120311852062231,0.7166411734106936,0.7166411734106993,0.4596346694004276,168.7616574876134,1,0.0004261126341165868,10,65.83758874769998,3.128361403142722,0.059395427875007234,5,55.01747397983888,2.8743205920648993,0.06530472012215137,5
6.781000000000599,final_hold,6.7,0.3194161793608788,0.020396102801247318,0.091481326057195,0.10010875154077915,0.0009486135792690334,0.7049321011304951,0.7049321011305003,0.4194613107819662,168.15641059798438,1,0.0004286761320047164,10,65.7106367420246,3.165548116135843,0.06021757422172694,5,54.92231632646046,2.909228643949259,0.06621235315933979,5
6.7910000000006026,final_hold,6.7,0.32084563112583186,0.02755061964994773,0.09642561031464822,0.09175248056443146,0.000985281184112211,0.6943266998605093,0.6943266998605144,0.3913865619677702,166.51203988140225,1,0.0004305047469001529,10,65.57061402699833,2.997982482663155,0.057151792139477915,5,54.838055970100015,2.8772775607519705,0.06558578504134022,5
6.801000000000606,final_hold,6.7,0.322201342195132,0.034988301634261636,0.10161544757317649,0.08385749735137561,0.0010190913198714307,0.6849001890028469,0.684900189002853,0.37851574675076977,165.2286781463726,1,0.0004309912231926768,10,65.4406778040366,2.6996173904138776,0.05156611837246581,5,54.766128022845514,2.841673658211063,0.06485928804903068,5
6.811000000000609,final_hold,6.7,0.3235090853277618,0.04272824187081801,0.10691484602794629,0.07652311784650606,0.0010482741567796054,0.6765118941481398,0.6765118941481456,0.3826831856351698,165.46773124963377,1,0.00042998081719803396,10,65.34281419029818,2.4415247843717904,0.04670606888121864,5,54.70627711933544,2.856629504457564,0.06527197734151594,5
6.821000000000613,final_hold,6.7,0.32479246860526045,0.05076778214375546,0.11220918486841612,0.06980898094575223,0.0010722035526812227,0.6690176928779393,0.6690176928779452,0.4032927576889744,166.9856714093909,1,0.00042780891275446593,10,65.28179279360947,2.2238948642859997,0.04258260169334113,5,54.66313772767225,2.9140933739577033,0.0666375343397662,5
6.831000000000616,final_hold,6.7,0.3260668215180725,0.0590872991772825,0.11740666733804728,0.06373837205117501,0.0010910002028266803,0.6623021084798132,0.6623021084798224,0.43773781076499557,169.74688616458056,1,0.000424836699181792,10,65.25681351364426,1.9648041473217304,0.03763599618051604,5,54.637373412565445,2.992680193677745,0.0684668754819181,5
6.841000000000619,final_hold,6.7,0.32730968592967047,0.06765167169724966,0.12245855059156295,0.058360912456099194,0.001106695424320453,0.6565159706631434,0.6565159706631457,0.4826316310272302,178.02364339266364,1,0.0004214877979625615,10,65.27405657419884,1.3216322748873601,0.025309294845667817,5,54.61634413728665,3.1970093007060654,0.07316970201881982,5
6.851000000000623,final_hold,6.7,0.3284783503285559,0.07641897860977978,0.12734879070982644,0.05387730615830251,0.0011185594604703711,0.6521930429952699,0.6521930429952738,0.534911617845876,196.47276501504714,1,0.0004180565400806714,10,65.3472067418585,1.2663110582979369,0.024222746492062273,5,54.57659107778716,3.874095554045366,0.08873070572793008,5
6.861000000000626,final_hold,6.7,0.3294391714749924,0.085329290452409,0.1321169963446967,0.05046713376700958,0.001119518075515878,0.6502298706727403,0.6502298706727456,0.5921866708229542,202.38197557268873,1,0.0004148427685934887,10,65.4078931225134,1.3118627002362382,0.025070802574603472,5,54.57544920193323,4.081356151566364,0.09347967381049493,5
6.871000000000629,final_hold,6.7,0.33010637993435205,0.09431279128250401,0.13674373234895576,0.04801512679525603,0.001110743023459847,0.6508764041718699,0.6508764041718743,0.6529125552105802,202.39221258573474,1,0.0004116303232154727,10,65.47387938916604,1.3103504476026526,0.025016664275652273,5,54.59037037513054,4.079573392544076,0.09341330175336626,5
6.881000000000633,final_hold,6.7,0.3304606510899017,0.10331090018078347,0.14114765900788917,0.0463430931718176,0.001094823848373721,0.6537518110411625,0.653751811041166,0.716100945584623,202.40393982902995,1,0.00040822496556302174,10,65.54307774290275,1.329299415777276,0.025351636312219435,5,54.611238571835386,4.084440972514748,0.09348902074300355,5
6.891000000000636,final_hold,6.7,0.33051146699539097,0.1122704539760439,0.14525170468387066,0.04529001846881359,0.0010730132642504829,0.6583867766315197,0.6583867766315245,0.7810400375386446,202.41589254443605,1,0.0004047009783264942,10,65.61289313121289,1.3669391661094785,0.02604174082401512,5,54.63194189406194,4.094426746099607,0.09368207051012402,5
6.901000000000639,final_hold,6.7,0.3302809604806309,0.12114255593968641,0.14898966457051205,0.04470967903169555,0.0010465079698124774,0.6643175550550304,0.6643175550550322,0.8472076702011208,202.4271639320789,1,0.0004011707137157216,10,65.68141898291033,1.419726443438242,0.027019179575879005,5,54.64763186884878,4.108524332991024,0.09397763893162035,5
6.911000000000643,final_hold,6.7,0.3297989094656735,0.1298838841345864,0.15230595929811838,0.04447962914649047,0.0010165801732530553,0.6711135502731926,0.6711135502731952,0.9142212953465753,202.43699963226499,1,0.00039771549090276585,10,65.74711919107548,1.483248927237292,0.028199884373006644,5,54.65483875582508,4.12582849452989,0.09436100692205777,5
6.921000000000646,final_hold,6.7,0.329100289689861,0.1384578829904405,0.15515911336565436,0.04447521651398886,0.0009844520345671473,0.6783503146461671,0.6783503146461686,0.9818034807537663,202.4450993305256,1,0.0003943876728393287,10,65.80955781855668,1.5370457957851096,0.029194957517092227,5,54.65128321576316,4.142201367029361,0.09474163101248598,5
6.931000000000649,final_hold,6.7,0.32821727313963894,0.14683157680309888,0.15751714004339842,0.04457113365780827,0.0009509806326479597,0.685635093566783,0.6856350935667828,1.049761188759114,202.45146196811783,1,0.0003912038836794336,10,65.86885908286784,1.612862917064267,0.030607462682691364,5,54.63693259499541,4.164188210044107,0.09526953683765033,5
6.941000000000653,final_hold,6.7,0.3271829480390552,0.154976745189575,0.15935175019698122,0.044657591286722725,0.0009169613657188463,0.692599474973865,0.692599474973865,1.117965869316147,202.45626585838843,1,0.0003881464415185608,10,65.92619480166786,1.6943242204680429,0.03212539843921756,5,54.61205845516136,4.188366642322782,0.09586634254414697,5
6.951000000000656,final_hold,6.7,0.3260261095113426,0.16286877428085955,0.16063994464080586,0.0446438091475574,0.0008832650740875646,0.6989193692803926,0.6989193692803916,1.186339291988933,202.45971214161915,1,0.00038814650360042603,10,65.98272087801996,1.7783911772222423,0.03369047141352912,5,54.577461332734416,4.214550621315604,0.0965268106650603,5
6.961000000000659,final_hold,6.7,0.3247670404256665,0.17048488981672372,0.1613694501528228,0.04445278622589917,0.0008503712198762875,0.7043297815794286,0.7043297815794263,1.2548439264362823,202.379235152043,1,0.0003892422189369287,10,66.04107920693826,1.808499835410061,0.034230585287362704,5,54.53243924488396,4.2403756524621325,0.09719846826904843,5
6.971000000000663,final_hold,6.7,0.3234099795448335,0.17780148637039014,0.16155592962190304,0.044005180840261664,0.0008185465827379693,0.7086636844503685,0.7086636844503672,1.323473851857411,202.27312714614672,1,0.0003902813039957717,10,66.10141824371854,1.827643357334381,0.034561349171733875,5,54.477737725979836,4.278989673747243,0.09818207061181433,5
6.981000000000666,final_hold,6.7,0.32196067382833304,0.18479639747645935,0.16122962168408514,0.04322544384483353,0.0007879446972108183,0.7117837788687436,0.7117837788687412,1.3922415306587737,202.19327939599708,1,0.0003915271031793263,10,66.16348048110987,1.8718790398737801,0.035364657101288194,5,54.41531673282998,4.333228916961577,0.09954065273195503,5
6.991000000000669,final_hold,6.7,0.32042829443895093,0.19144980053357566,0.16042535953601997,0.0420628212878729,0.0007585315072312831,0.7135779151978145,0.7135779151978132,1.4611675271924291,202.14560890611506,1,0.00039369457512293163,10,66.22904226350306,1.939159537619903,0.03659949380485981,5,54.345676686767355,4.402816976090911,0.10126879552598693,5
7.001000000000673,final_hold,6.7,0.31881932940598134,0.19774346001785748,0.15917507578502585,0.0404911332957397,0.0007302816843193403,0.7139563853837735,0.7139563853837773,1.5302742193086005,202.11856138841526,1,0.00039579310960013314,10,66.29559908590645,2.0280953023207844,0.03823962921906701,5,54.27361308584781,4.473530174825749,0.10303188604169623,5
7.011000000000676,final_hold,6.7,0.31713695472323306,0.20366093013507494,0.15750794194697437,0.038501801861032185,0.0007032635145876719,0.7128477905584694,0.7128477905584722,1.599582082514358,202.10847709629437,1,0.0003976984317751187,10,66.36481612812102,2.13079002873748,0.04013403021835903,5,54.19898740519067,4.547446569256621,0.10487849466771379,5
7.021000000000679,final_hold,6.7,0.31538210874989553,0.20918641556011305,0.15545128524058552,0.036099321295322784,0.0006774209309029575,0.7101973868422861,0.7101973868422905,1.6691078540973963,202.1109639249501,1,0.00039943683620003703,10,66.43703456190869,2.243387047597546,0.04220889490309558,5,54.12354957005028,4.622451518049657,0.10675693747845783,5
7.031000000000683,final_hold,6.7,0.3135537836713774,0.2143037844574925,0.153030574312825,0.033298316511151664,0.0006529280187008316,0.7059639403359894,0.7059639403359907,1.7388632332885177,202.12153556759438,1,0.0004010153959965403,10,66.51174261162703,2.362009796133159,0.04439084181580765,5,54.04783947867501,4.694267900836505,0.10856742716535099,5
7.041000000000686,final_hold,6.7,0.31164625210614655,0.2190000894991707,0.15027195474294827,0.030127130195325064,0.0006300507224292773,0.7001350305811056,0.7001350305811059,1.8088526090204622,202.13654090702897,1,0.00040246911294714493,10,66.58810062918658,2.484114775398036,0.04663210753734148,5,53.97221370575528,4.761333644635599,0.11027279867084361,5
7.051000000000689,final_hold,6.7,0.30965039082993034,0.22326247310681652,0.1472005756861249,0.026612112389554438,0.0006087257607760058,0.6927053907247924,0.6927053907247939,1.8790384978667771,201.78744059455812,1,0.0004038487948562678,10,66.65980101656457,2.6015297942934676,0.04878370762101065,5,53.90370564450488,4.8201460423510945,0.11177677825481919,5
7.061000000000693,final_hold,6.7,0.3075547037921079,0.22707367806101778,0.14384083077364976,0.022773789079053555,0.0005888773959505222,0.6836779346907237,0.683677934690725,1.9491694770381043,201.35220507215482,1,0.0004052116147676648,10,66.73159955028147,2.717782607640445,0.05090883902746532,5,53.83980202781122,4.871062781076837,0.11309158368005945,5
7.071000000000696,final_hold,6.7,0.3053449781246918,0.23041567408675334,0.14021594146619684,0.018654944530636267,0.0005710153588041717,0.6731027159606703,0.673102715960673,2.018926414891869,200.9540853574289,1,0.0004066018209550946,10,66.804051093146,2.8350838938245717,0.05304850243796531,5,53.77916453736645,4.915439133001406,0.1142505460824446,5
7.081000000000699,final_hold,6.7,0.30300485218459455,0.23327158702530676,0.13634825867182493,0.014308952578930853,0.0005557073776054156,0.6610578750858612,0.6610578750858642,2.08800815581296,200.58668272429477,1,0.00040806979966853554,10,66.87529766396756,2.952994122298658,0.05519590613892947,5,53.722399324546096,4.95353644161093,0.11525770683858,5
7.091000000000703,final_hold,6.7,0.3005166024869212,0.2356255736408772,0.13225963536865673,0.009792524662413593,0.0005435496759360804,0.647638230662989,0.6476382306629913,2.156131175443977,200.2498945047728,1,0.00040965693507999536,10,66.9436058991738,3.071647795950085,0.05735513785619058,5,53.669940909134084,4.986582534537202,0.1161400229362032,5
7.101000000000706,final_hold,6.7,0.2978621819957611,0.23746296545894688,0.1279721294781163,0.005164393512068824,0.0005350989925656785,0.6329521582147289,0.6329521582147322,2.2230315784467467,199.9471273356164,1,0.000411386062564234,10,67.00735841680257,3.191458872114878,0.059535604512701484,5,53.622062739231545,5.016403440956051,0.11693888636267194,5
7.111000000000709,final_hold,6.7,0.2950229224619629,0.23877050628282828,0.12350910660703938,0.00048482080256225516,0.0005308301325772502,0.6171230715975639,0.6171230715975682,2.288462224945368,199.5926082767199,1,0.0004132542374270966,10,67.06339245440981,3.3046128558286303,0.061594946491767666,5,53.580709562798546,5.0371880764655454,0.11751402971254461,5
7.121000000000713,final_hold,6.7,0.2919730482849475,0.2395348687351573,0.11889471303131885,-0.004179768861048121,0.0005314479190319836,0.6003110314802677,0.6003110314802719,2.3521384974329056,199.20639463689815,1,0.00041524650955314157,10,67.111413166014,3.4114356635469987,0.06354052728535355,5,53.54662558824269,5.051083562883414,0.11791320898829166,5
7.131000000000716,final_hold,6.7,0.2886875944398336,0.2397441281722453,0.1141535072915139,-0.008760916408937969,0.0005372479941390295,0.5826890754079092,0.5826890754079133,2.4137619068755045,198.8508929286312,1,0.0004173199540419678,10,67.15152988854783,3.5172785077137236,0.06547279178805367,5,53.51843155779676,5.065409652610553,0.11830993325963338,5
7.141000000000719,final_hold,6.7,0.28514521935656917,0.23939050325078576,0.10931336487773295,-0.013192253083449693,0.000548098875531106,0.5644373256605305,0.5644373256605314,2.4730508008055967,198.52379914839844,1,0.0004194124810648138,10,67.18370083207606,3.6029015298777836,0.06703451665462623,5,53.495345136368584,5.083792163348663,0.11879052631563612,5
7.151000000000723,final_hold,6.7,0.28132861889037164,0.2384717952852814,0.10440622453469724,-0.01741081571774867,0.0005634555771316829,0.5457412008507189,0.5457412008507228,2.5297365386166892,198.22285009782482,1,0.0004214126377349156,10,67.20479926434663,3.7046445899885603,0.06890587857082443,5,53.4763112149651,5.103861387020779,0.1193019224555378,5
7.161000000000726,final_hold,6.7,0.2772251741537689,0.2369930234821797,0.09946806110158493,-0.021358029340776713,0.0005824343080263975,0.5267942415322381,0.5267942415322403,2.5835597169579962,197.94633406690863,1,0.00042318782786883875,10,67.21518812123611,3.8024131940120216,0.07071342988644182,5,53.460016329829365,5.12639495774857,0.11986516535368529,5
7.1710000000007295,final_hold,6.7,0.27282682692955923,0.2349704559219464,0.09453823063389218,-0.024980476844500315,0.0006038709807211069,0.5078073374284692,0.5078073374284722,2.63425507401881,197.65995630615453,1,0.00042463102052637776,10,67.21311276705212,3.893492342641172,0.07240946339100669,5,53.444766450536115,5.1496892534942385,0.12044418928886957,5
7.181000000000733,final_hold,6.7,0.26813172748180936,0.23242867498773012,0.08965787051598964,-0.028233579454866032,0.0006264828848160298,0.48899176521047005,0.48899176521047183,2.681565035796239,197.4331945579078,1,0.00042567026787255005,10,67.20074836590027,3.9808647579509695,0.07404799899466193,5,53.42936547954663,5.176782997648374,0.12111277551176666,5
7.191000000000736,final_hold,6.7,0.26314949731715026,0.2293861068281887,0.08486924842714257,-0.03092429548460595,0.0006495156682685524,0.4706767625684325,0.4706767625684317,2.725146488203887,197.0118968276906,1,0.00042584735117697517,10,67.08722909060899,4.0018229146450714,0.07456379867098384,5,53.51117168008993,5.156085840916894,0.12044414462978706,5
7.2010000000007395,final_hold,6.7,0.25791380654998464,0.2258542619172229,0.080222655382286,-0.03241346494676198,0.0006695357503270592,0.4536359716080914,0.45363597160809094,2.7644056776095645,196.88245632946956,1,0.00042328631860523804,10,67.00807383900899,4.062415099110673,0.07578219433808221,5,53.55313713983749,5.146354679370853,0.12012262386078185,5
7.211000000000743,final_hold,6.7,0.252467650252044,0.221898340884118,0.07576973631467097,-0.032069473442107845,0.0006836509166490018,0.4388537075444973,0.4388537075444972,2.79879814711115,197.1238414547697,1,0.0004177508478234935,10,66.95177212505484,4.094837995078432,0.07645126232487827,5,53.555275722202595,5.136553497487199,0.11988906387418989,5
7.221000000000746,final_hold,6.7,0.24686395348380316,0.21762425869119126,0.07155640230737292,-0.029285202708713834,0.0006884937813736421,0.42754403676917924,0.427544036769185,2.82790840825848,197.4245151778199,1,0.0004101885074819323,10,66.91923870986417,4.10997904326081,0.07677125297778868,5,53.505606206106926,5.11691497589948,0.11954156159330305,5
7.2310000000007495,final_hold,6.7,0.24116800313427836,0.2131921723931517,0.06762321461011418,-0.023877138097937917,0.0006792346983129861,0.42072456233834254,0.42072456233834515,2.8516596966829253,197.51361527804056,1,0.0004020410058923327,10,66.87501811656861,4.054147235532904,0.0757784324720891,5,53.424079118471,5.052987575809354,0.11822823292386705,5
7.241000000000753,final_hold,6.7,0.23545932171486716,0.20878151671071157,0.06400026695715373,-0.01618807357645192,0.000656229508626701,0.41881432702651117,0.41881432702651444,2.8702967701483697,197.69564564504287,1,0.0003949925152891455,10,66.82813700361764,3.968222168184237,0.07422439009427689,5,53.31578792008739,4.979386352834689,0.1167427732733235,5
7.251000000000756,final_hold,6.7,0.22981576669300735,0.20453738758826256,0.06070168068372154,-0.006559316647143457,0.0006218527098508476,0.4219717874921516,0.4219717874921571,2.884113510740413,197.85872405803744,1,0.00038944255953071976,10,66.77849294219237,3.852666093951607,0.07211652143165904,5,53.204837436320695,4.897413107554324,0.11506033434967011,5
7.2610000000007595,final_hold,6.7,0.22430703071035124,0.20057746283752123,0.057730615381299324,0.004669708195781718,0.0005784860787768315,0.4300693316888201,0.4300693316888231,2.8934591200954083,197.95179781430076,1,0.0003884534872901537,10,66.76027202577392,3.742145641775733,0.07006685129164496,5,53.078292065138385,4.834757744808611,0.11385911162315028,5
7.271000000000763,final_hold,6.7,0.21898616842400193,0.1969935680261643,0.05508341501531598,0.016943908471118815,0.000529334692170181,0.44235752019957025,0.4423575201995745,2.8989150703435578,197.948223347396,1,0.00039222376815327745,10,66.75006434591693,3.6209647209003784,0.06780826274068362,5,52.9732173990753,4.777075774858194,0.11272384445874674,5
7.281000000000766,final_hold,6.7,0.21389528258595333,0.1938459244505732,0.052752573022306695,0.029718088184952342,0.00047709558222427256,0.4578009486657815,0.4578009486657857,2.9010307844408536,197.92295900313576,1,0.00039447926977512535,10,66.75104282042908,3.503593103396928,0.06560933274147773,5,52.896652175969606,4.731805645516941,0.11181722875806473,5
7.2910000000007695,final_hold,6.7,0.20906950637973126,0.1911623886350282,0.05072862600399049,0.042582747474887515,0.0004244939952438863,0.47540858476681647,0.475408584766825,2.9001965318791143,198.0215240795869,1,0.00039564097789806043,10,66.76982144935286,3.4127220512908973,0.06388968056997803,5,52.847754877483126,4.709661632922793,0.1113969184651551,5
7.301000000000773,final_hold,6.7,0.20453334522230085,0.1889478242275305,0.04899921958611988,0.055446898548090894,0.0003735682161903022,0.49469004086295393,0.49469004086296203,2.896615546697138,198.15394433941242,1,0.000396452679347112,10,66.80536858051556,3.3378253127020017,0.062454286676810404,5,52.82329775671223,4.702372597114262,0.11127600880704039,5
7.311000000000776,final_hold,6.7,0.20030116785139568,0.18720082134469224,0.04755226313640657,0.06829025259920318,0.000326160349456855,0.515328252447648,0.5153282524476556,2.890510751499115,198.21720740562475,1,0.00039715452971039885,10,66.85402202681564,3.259109637203866,0.06093705244645963,5,52.816917450652795,4.7008850283595836,0.11125424521299572,5
7.3210000000007796,final_hold,6.7,0.1963579153721286,0.18589976654754226,0.04636653722151745,0.0811122929584987,0.00028730781454898793,0.5370944803505094,0.5370944803505191,2.881997187066204,198.03219572665472,1,0.00039757623299038004,10,66.90540259532813,3.1074965235683956,0.058057653100972925,5,52.840381113349366,4.676342347414448,0.11062425764357889,5
7.331000000000783,final_hold,6.7,0.19294480783500964,0.1856731887787909,0.0455928872418824,0.09347532979307978,0.00026787710057401973,0.5592732917750239,0.5592732917750326,2.8690595465727466,195.5950338650017,1,0.00040179101266021226,10,66.95803643268279,3.2709117654821993,0.06106271815427743,5,52.231748281669255,4.833345188241806,0.11567067318370017,5
7.341000000000786,final_hold,6.7,0.19048057205316204,0.18762838300812243,0.0454610340936852,0.1043264544574346,0.0003850250330614326,0.5800546362922218,0.5800546362922299,2.8479800081297686,197.31364693890302,1,0.00040043872316739633,10,66.42840514792115,3.304408134420813,0.062179878605068066,5,52.30748785242223,4.707595610607393,0.11249812894592574,5
7.35100000000079,final_hold,6.7,0.1885650396205055,0.19098970679337263,0.045701207332614006,0.1141126066808035,0.0004905188305904076,0.5995429421944212,0.5995429421944268,2.821116935543597,198.1865390991417,1,0.00039735359993193034,10,66.39755175052323,3.166716441463892,0.05961658897759994,5,52.28734539566556,4.7026480327337925,0.11242318760754169,5
7.361000000000793,final_hold,6.7,0.1869000587879375,0.19515370315135763,0.04613582190819906,0.12337900842809274,0.0005478099779624502,0.6183629857542696,0.6183629857542738,2.790058910270709,198.1046895536095,1,0.0003939008762238443,10,66.48439235214178,2.7730379880075953,0.05213701084383646,5,52.45630925300649,4.6481878949081,0.11076331810938674,5
7.371000000000796,final_hold,6.7,0.18537641723898698,0.19964355701835895,0.04666586412425614,0.13263746395925824,0.0005644779077145923,0.6372683198113157,0.6372683198113208,2.7559053515237295,198.26422763409954,1,0.000390875048904994,10,66.65442574959727,2.622943487319775,0.049189222205091594,5,52.7344105965027,4.682328786571057,0.11098845928130997,5
7.3810000000008,final_hold,6.7,0.18392488100283189,0.2041071029409377,0.04721338199492604,0.14221834117255608,0.0005474599100562481,0.6567645016323995,0.6567645016324032,2.7193116104355086,198.82045566595752,1,0.0003893052825592798,10,66.86879043691167,2.612695681876521,0.048839968257342464,5,53.05329478293212,4.787442629830126,0.11279795744585648,5
7.391000000000803,final_hold,6.7,0.1824256117723218,0.20820906201658357,0.04767751462919759,0.15232465307999365,0.0005020329873859984,0.6771323923625382,0.6771323923625436,2.6809278706006676,199.09093657703028,1,0.0003890362043463212,10,67.08348022274825,2.6483219920921566,0.049347506705423226,5,53.3724775210608,4.866255617807961,0.11396921793371252,5
7.401000000000806,final_hold,6.7,0.18086035735059153,0.21183074706498617,0.04801654591350717,0.1629422152438072,0.0004511057232780531,0.6983153739675529,0.6983153739675595,2.641040686565175,199.3841377666791,1,0.00038853937135140506,10,67.24549985133358,2.673071252162097,0.049688664261395295,5,53.63078369776496,4.93067463755604,0.11492174590769413,5
7.41100000000081,final_hold,6.7,0.179248467072501,0.214923986397115,0.04820832340404606,0.17399244553371548,0.0003965318683955111,0.7201638832781532,0.7201638832781605,2.5998456531567333,199.69687620102212,1,0.0003880993010748685,10,67.34837679855453,2.6910861002751965,0.0499471224882764,5,53.82093831330608,4.983163517473799,0.11573477891785978,5
7.421000000000813,final_hold,6.7,0.17760808773377468,0.21745736348649836,0.048231445126033314,0.18542357887292915,0.00034045626100770514,0.7425868572985286,0.7425868572985347,2.557567761387619,200.01583657487492,1,0.00038833444172247766,10,67.39425861516412,2.7051859411269987,0.05017463647337896,5,53.94579122969709,5.025237669041592,0.11644183805842494,5
7.431000000000816,final_hold,6.7,0.17595432988437731,0.2194153563553291,0.04806554563663725,0.19719756296485744,0.0002853187103287331,0.7655256807900067,0.7655256807900127,2.5144521624724105,200.33052072183065,1,0.00038866011281032546,10,67.39085689018252,2.7169826713255594,0.05039598093686965,5,54.01502005737541,5.057591407679256,0.11704132022692533,5
7.44100000000082,final_hold,6.7,0.17429802008211387,0.22079604891568225,0.047691460671143424,0.2092863218981432,0.00023418851548373114,0.7889470755904834,0.7889470755904903,2.4707545323074127,200.6303479761551,1,0.00038875960597631727,10,67.34875447036708,2.727324613180458,0.05061943302864752,5,54.04177339954293,5.080474154536461,0.11751266277328135,5
7.451000000000823,final_hold,6.7,0.17264514830224112,0.22160826717629953,0.047091341240713805,0.22167010136774715,0.00019153385207544164,0.8128400285523897,0.812840028552396,2.4267317246356686,200.90429537403557,1,0.00038891721150383806,10,67.27926739882848,2.73663999218849,0.05084478655151316,5,54.040000976390374,5.093941284446731,0.11782802536107075,5
7.461000000000826,final_hold,6.7,0.17101093326511468,0.22189224596524168,0.04625575211676537,0.23432205535033562,0.00016570575256383846,0.8207807617636236,0.837186843807946,2.3825703165073016,201.04086442563363,1,0.0003886699227153318,10,67.1855074437209,2.736284045278563,0.05090911993875053,5,54.01563144648509,5.096914379090961,0.11794998601795081,5
7.47100000000083,final_hold,6.7,0.1694240567214308,0.2217370191063158,0.0451848058620843,0.24719220859599977,0.000159856140372883,0.7951673006635052,0.8619280368177558,2.338256111873717,201.1551003523458,1,0.00038801741622806015,10,67.07458277189319,2.7441109726385644,0.05113917335070721,5,53.97620811969578,5.08747991184776,0.11781764802202158,5
7.481000000000833,final_hold,6.7,0.16790731671315215,0.22123353067674226,0.0438753120653405,0.2602373752260569,0.0001699939747942442,0.7688111617400112,0.8870163568470988,2.2937605732833646,201.26017142529395,1,0.00038696891263206374,10,66.96225167415048,2.751801347570922,0.05136851880671606,5,53.92769331893252,5.072419842993801,0.11757455981371019,5
7.491000000000836,final_hold,6.7,0.1664721610484015,0.22047228431267893,0.04232242702230785,0.2734191807264871,0.0001897105281185015,0.7417592634204162,0.9124195836194363,2.249074764795546,201.16207020818808,1,0.00038548301276771093,10,66.83990733851043,2.7592632660378817,0.051602092520558196,5,53.88923998405641,5.0393379713844055,0.11689109859582675,5
7.50100000000084,final_hold,6.7,0.16509708458069383,0.21956109860582415,0.04053381224299767,0.2866859259695637,0.00021198302846842394,0.7141369399585935,0.9381047919276284,2.2040878011349765,200.85057987575794,1,0.0003869518615396566,10,66.70921444542107,2.7683474382784734,0.051873407993423264,5,53.85162170020676,4.991545660661835,0.11586340167362753,5
7.511000000000843,final_hold,6.7,0.16373362796238308,0.2186159247676089,0.03852695242875315,0.2999742979474979,0.00023385323622993076,0.6861279480370911,0.9640219543103913,2.1585830169019937,200.50623261569788,1,0.0003886960040553164,10,66.57638277760856,2.767654494998775,0.0519638943182719,5,53.81621692795404,4.932268111766383,0.11456277478518723,5
7.521000000000846,final_hold,6.7,0.16232412054590237,0.21774293496257036,0.03631827847792638,0.3132202197812061,0.0002550031629185375,0.6579116748096319,0.9900995583268625,2.112314486655054,200.15371439692507,1,0.0003916481464654919,10,66.44507892686937,2.7654040065715915,0.05202424414333309,5,53.78654385082132,4.863618498703378,0.1130305590974756,5
7.53100000000085,final_hold,6.7,0.160813230821202,0.21704316368769286,0.033927340832726895,0.32635704651254444,0.0002763775053885086,0.6296842033539618,1.0162460691317894,2.065053025479716,199.7914910409009,1,0.0003951067831520744,10,66.31816996821854,2.7625162547074487,0.0520693698278941,5,53.7652776627952,4.7876412161771436,0.11130885546161055,5
7.541000000000853,final_hold,6.7,0.15914888387679116,0.2166106428672572,0.03137783176134572,0.33931670163872635,0.0002995653590163255,0.6016638279141984,1.0423553018124803,2.0166004807961615,199.4270249348206,1,0.0003989894662008714,10,66.19799243924675,2.75855643707287,0.0520891256559732,5,53.75351454030108,4.716996172284816,0.10969041309727529,5
7.551000000000856,final_hold,6.7,0.15728888593533488,0.2165315445213311,0.028700760932644252,0.3520269120074585,0.0003253417359265755,0.5740992857275684,1.0683025061799236,1.9668497575217276,198.41134869214866,1,0.00040298478790631214,10,66.06284002346001,2.749449056131444,0.05202336622137099,5,53.77929370089597,4.629132647935821,0.10759560811828538,5
7.56100000000086,final_hold,6.7,0.15521374647618966,0.2168812989967505,0.025939304578375177,0.36440531077782473,0.0003539676945652832,0.5472802711850165,1.093932462763311,1.9158761378196005,197.46427833707298,1,0.00040675631781980507,10,65.93952581494173,2.7430179064989875,0.05199874188884117,5,53.82257176373244,4.543204572786954,0.10551345894271087,5
7.571000000000863,final_hold,6.7,0.15339671126371202,0.2176249502677147,0.023549941960392427,0.37527078936435043,0.0002228616822685554,0.5256462141245951,1.1174457121576207,1.8640336230256176,196.53957944923621,1,0.000673813534389593,11,122.09845524169029,97.67876419335224,1.0,5,23.858588405928344,19.086870724742678,1.0,5
7.581000000000866,final_hold,6.7,0.15311732671971556,0.21901421319147046,0.022890691789175275,0.3868122325057657,0.00028168482027681065,0.49485566585513807,1.1420299329139885,1.8093009153374824,167.20708492569568,1,0.0008632339049731467,9,104.14164211045815,82.87409462888671,0.9947281047885971,5,24.592716203794645,19.67417296303572,1.0000000000000002,3
7.59100000000087,final_hold,6.7,0.1529749277237177,0.2214878095867676,0.02251323570698605,0.40256761760710635,0.0004060572662831096,0.4530144688215227,1.1774095398272653,1.747463482490001,199.92367393931508,1,0.0005695760965435298,11,89.9176432324362,71.93411458594898,1.0000000000000002,5,28.901585741056383,23.121268592845105,0.9999999999999999,5
7.601000000000873,final_hold,6.7,0.15181882715911568,0.22616641634172321,0.022415519732575218,0.4144013386369608,0.0006839879919196879,0.4276740492195202,1.205905579262455,1.6829176138019974,201.66408159303697,1,0.0005314749710669719,10,56.477905907854634,9.891051355845043,0.21891417530561827,5,42.87379300782587,8.175416194860887,0.23835703647005893,5
7.611000000000876,final_hold,6.7,0.14899759254399447,0.23285135400538398,0.02238540464274131,0.42384221349085804,0.0008535365903824617,0.41349009548171184,1.2285904253685136,1.6178837072034422,199.75323402786142,1,0.00047066315890125654,10,58.03862207134542,8.212284278274868,0.17687110722967614,5,45.040982192780525,6.880756358656383,0.19095821248984876,5
7.62100000000088,final_hold,6.7,0.1447187814821874,0.24064305234655164,0.022568343926510626,0.4335480448662122,0.0009713309490452658,0.3999678841170937,1.2521768751877929,1.5527470697181405,193.04603722936827,1,0.0004495893397935939,10,60.48523316853631,6.85199395748289,0.14160468594025388,5,48.622973958598976,5.73214331411069,0.14736200934026167,5
7.631000000000883,final_hold,6.7,0.1396035552019689,0.24897375956193968,0.023104545380672883,0.4433505209052931,0.0010161984802729645,0.3875441651725555,1.27627217678739,1.4877190937498455,187.643747346787,1,0.00044066405075030127,10,63.94392004358636,5.793932835857302,0.11326199644758954,5,53.44801646895648,4.881094495899497,0.11415518335312123,5
7.641000000000886,final_hold,6.7,0.13444552565514326,0.25726908286278444,0.024119720029702422,0.4530069792070349,0.0009777693124294502,0.37670562379230593,1.3002896077087405,1.4231117815627317,184.8868908841037,1,0.00044225832043863055,10,69.02067887956444,4.9847964438222325,0.09027722786746821,5,60.08592549059161,4.2773541117614124,0.08898411060571851,5
7.65100000000089,final_hold,6.7,0.1299695131925299,0.2650836551260627,0.025702115283074003,0.46205178347519255,0.0008981843691092505,0.36819137016832076,1.3231360269605508,1.3592647774176312,184.79234400618324,1,0.00044552386933581056,10,71.19653886766972,4.366331194749308,0.07665982195540504,5,62.96149200886498,4.044195637413048,0.08029105387233408,5
7.661000000000893,final_hold,6.7,0.12653528756640225,0.2722577559819226,0.02788876848636997,0.4700804311139399,0.0008206514505145007,0.3624579507996211,1.3438392213395198,1.2966167916711568,185.5918223132532,1,0.0004452937383859041,10,71.52106077730626,3.9011950930453922,0.0681826277925405,5,63.45003143200218,4.041098370261378,0.07961182758814159,5
7.671000000000896,final_hold,6.7,0.12423124309132677,0.278801960054702,0.030689879071320356,0.47681812296539383,0.0007678893461119727,0.3596050114416918,1.361713339113065,1.2356566509880904,186.90471383422232,1,0.00044664374151535925,10,70.92797762958108,3.567186047243821,0.06286634284628358,5,62.73465685930155,4.1466942720944235,0.08262367405217586,5
7.6810000000009,final_hold,6.7,0.1229863383981709,0.2847886709892429,0.03410227613425474,0.48208898734857675,0.0007449761016639717,0.35949462538129073,1.3763016011287543,1.1769196663821495,188.7377005787638,1,0.00044593659048703017,10,69.93074148399967,3.334427237418046,0.05960231449463773,5,61.46290057170933,4.2882647816646,0.08721246357104155,5
7.691000000000903,final_hold,6.7,0.12265587309041134,0.29029417016451037,0.03811276676282947,0.4860231489056144,0.0007456337839049921,0.36147310371183006,1.3878210539735034,1.1208693672667358,190.96478551432074,1,0.0004440054581714869,10,68.82920412624928,3.1706788157916015,0.05758236739843409,5,60.030357069829904,4.427789973389117,0.09219897626626058,5
7.7010000000009065,final_hold,6.7,0.12308607929003777,0.29536628860966835,0.04269368026429454,0.4889591576955218,0.0007587803031569512,0.36459338434709104,1.3969388503398452,1.06791349828914,190.42852131458488,1,0.00044204262972693793,10,67.87161208603901,3.1012234918316617,0.057115622358806,5,58.75438287045659,4.490274573482374,0.09553063010172927,5
7.71100000000091,final_hold,6.7,0.12413656694023971,0.3000384033879205,0.04775010008827252,0.4912054287137334,0.0007732395849230051,0.36803504450745517,1.4042662606527136,1.0185342507387256,188.11703224818712,1,0.0004395772533632206,10,67.10572307989746,3.124420099948469,0.05819958336915,5,57.643900259313966,4.497795537537909,0.09753407379844942,5
7.721000000000913,final_hold,6.7,0.12567761132178445,0.3043398896102655,0.05315205893448456,0.4930042850744517,0.0007837544360355834,0.37120494873769916,1.4102938655514659,0.9732201896522539,186.87573443898683,1,0.0004363380063603668,10,66.56062747862212,3.18426531936565,0.05980009203617351,5,56.75808487326837,4.503484121425007,0.09918155562067851,5
7.7310000000009165,final_hold,6.7,0.12759982531291678,0.30828962862558335,0.05878376964048105,0.4945579472353967,0.0007882959460200491,0.3736795616142166,1.415441521422088,0.9323378650147445,185.51425818383805,1,0.00043253712564602357,10,66.17015617085852,3.2629441900691787,0.06163927174442325,5,56.0462065983779,4.5075732362679135,0.10053252284692477,5
7.74100000000092,final_hold,6.7,0.1298225427463622,0.31189626733872,0.06454589485836555,0.496023961598853,0.0007867279559971457,0.3751899645646013,1.420049612891742,0.8960374750823762,184.27265858632177,1,0.00042864919908672326,10,65.87402141545711,3.352980642798056,0.06362486627412903,5,55.4421262502229,4.513456750880063,0.10176054419589285,5
7.751000000000923,final_hold,6.7,0.13228993529316263,0.3151629345767265,0.0703542255574183,0.4975178957587745,0.0007798235182454724,0.37557026858938747,1.4243761165307456,0.864454050855512,183.45243798816935,1,0.00042490510961497514,10,65.8010534669375,3.4370870614596,0.06529316174220912,5,55.12981035896742,4.511963474747263,0.10230316967735918,5
7.7610000000009265,final_hold,6.7,0.1349740747778911,0.3180879896014148,0.07613993573989991,0.4990071802055195,0.0007698837979025475,0.37492650245980746,1.428377427542671,0.8378472976460105,182.7247396592273,1,0.00042207954300686756,10,65.94870015697452,3.4946065005304616,0.06623721339867991,5,55.194036355276914,4.48425490987722,0.10155659936276103,5
7.77100000000093,final_hold,6.7,0.13787239474566415,0.3206734657168207,0.081849108117276,0.5004603767009215,0.0007585405280220132,0.3733704876576904,1.432015294426549,0.8164359057810421,182.37752647585415,1,0.00041929423344328815,10,65.99107117297518,3.557585261161828,0.06738762528639516,5,55.12648369044676,4.466120097047453,0.1012698388792168,5
7.781000000000933,final_hold,6.7,0.14097339667675296,0.3229348156932226,0.08743994299225391,0.5018728295808002,0.0007464757986541866,0.3709830556095674,1.4353110558689943,0.8003878302712139,182.33672539380416,1,0.00041645661770208127,10,66.00448451473427,3.618927272885953,0.0685356324553617,5,55.02278105033976,4.452562329546848,0.10115270085751493,5
7.7910000000009365,final_hold,6.7,0.14425900159698285,0.32489557204851316,0.09288104909708933,0.5032450312592811,0.0007340341238024799,0.3678463272889757,1.4382999004135133,0.7898312927166097,182.46945502863434,1,0.00041370715070045784,10,65.98939892685179,3.675785180902476,0.0696283274412195,5,54.88659020337205,4.440083047744577,0.10111948636480865,5
7.80100000000094,final_hold,6.7,0.14771091924699506,0.3265802559150644,0.0981456934214607,0.5045770403050743,0.0007207838473500598,0.36403586393146936,1.4410073553439053,0.7849071376649316,180.77976317609853,1,0.0004112807369669142,10,66.07797615327326,3.696464011254843,0.06992617333422473,5,54.92214373071192,4.345812496729835,0.09890847756320596,5
7.811000000000943,final_hold,6.7,0.1513289447608369,0.3280155545647314,0.10320200833622317,0.5058512426465087,0.0007077203678922863,0.3596139475848045,1.4433863688424788,0.785830952243732,178.74785946948867,1,0.0004092313297211706,10,66.11344848031695,3.689216151904832,0.06975162082573812,5,54.90198921477122,4.218702177767135,0.09605075877269181,5
7.8210000000009465,final_hold,6.7,0.1550988294314452,0.32921616310657004,0.10802572932757738,0.5070239236262166,0.0006901309722992205,0.3546534662374889,1.4453453471512585,0.7924931131045321,173.28425161950574,1,0.0004072573940181534,10,66.11602653254373,3.51302022773618,0.06641771314718596,5,54.83110742089555,3.786576931574995,0.08632364705194635,5
7.83100000000095,final_hold,6.7,0.15898840998613267,0.33018976195342337,0.11260416737039088,0.5079266979917746,0.0006650899746940461,0.34931240485329473,1.4465247837243707,0.8044818005938057,167.86370793621154,1,0.0004053617935870823,10,66.09915367138791,3.5804183795102693,0.06770923265731826,5,54.7283401255255,3.254697637986455,0.07433757424675785,5
7.841000000000953,final_hold,6.7,0.16290437961326973,0.3308801575538171,0.11695836683103544,0.5082708978799403,0.0006394645094405333,0.3438620201935917,1.446378437565187,0.8208155802397755,169.5867814467557,1,0.00040350833705811066,10,66.07049707152635,3.783732295937265,0.071585133751928,5,54.59889019396168,3.20050110732267,0.0732730348536605,5
7.8510000000009565,final_hold,6.7,0.16675655255976754,0.33123633436699396,0.1211130803456969,0.5080501996460509,0.0006152912249307617,0.3384255432775257,1.4450249741252856,0.8407980144522142,170.5652468634699,1,0.0004018850903908686,10,66.04634418648236,3.805185685836821,0.07201734124550577,5,54.465776675054855,3.184790851481792,0.07309155964309455,5
7.86100000000096,final_hold,6.7,0.17051718086162634,0.3312761870793234,0.12507429396853337,0.5073644977517828,0.000591524747736273,0.33305370447146343,1.442729972942729,0.8642806781668695,171.51601946803243,1,0.00040042078163572356,10,66.02768706971382,3.8135735346045734,0.07219648498701195,5,54.34723524171207,3.17956725380218,0.07313084188323689,5
7.871000000000963,final_hold,6.7,0.1741641588784385,0.3310207421525647,0.12885063238735844,0.5063120147722813,0.00056853859424827,0.3278115216527684,1.4397552022156623,0.8911152345471877,172.37333925890022,1,0.00039908988820303883,10,66.02168666851652,3.8121806040322985,0.0721766739914681,5,54.245159635960675,3.1671361644373555,0.07298199935468919,5
7.881000000000967,final_hold,6.7,0.1776937119624552,0.33051025041428855,0.13244497468008667,0.5049854843531959,0.0005476455628534266,0.32276568029692126,1.4363280125460547,0.9212225744102295,173.0898296377368,1,0.0003978886794528816,10,66.02802230731352,3.7946951790874923,0.0718387255608286,5,54.165430135204815,3.153168211790768,0.07276708141890502,5
7.89100000000097,final_hold,6.7,0.18111746198314316,0.3297968807406005,0.13585522193211277,0.5034709145876127,0.0005286725011257454,0.31796426594187255,1.432636491445841,0.9545397677351559,173.79078332415912,1,0.0003967861195006892,10,66.04829313413309,3.776435784031217,0.07147110857887547,5,54.10521774402024,3.1479987029795957,0.07272863030219288,5
7.901000000000973,final_hold,6.7,0.18444960676559216,0.32892955479132907,0.13907950082890877,0.5018419666081586,0.0005113785652896356,0.31344041516723636,1.428836533361231,0.9909493695890575,174.48826876796485,1,0.0003957635430691732,10,66.08017642277419,3.7585701717856246,0.07109867087329409,5,54.06142590931687,3.1508081714478204,0.07285250338968619,5
7.911000000000977,final_hold,6.7,0.18770443549841642,0.3279517799519467,0.14211682726430575,0.5001607440911032,0.0004955569358648871,0.30921147803018734,1.4250565593567526,1.0302922703839312,175.18291857027083,1,0.00039480834615995115,10,66.12050361897037,3.741131824381997,0.07072563765433577,5,54.03008720287379,3.1605528877944575,0.07312020606053991,5
7.92100000000098,final_hold,6.7,0.1908942188131379,0.32690154436298374,0.1449674388145253,0.4984766019678159,0.0004807228569223184,0.30528762424106654,1.421396956542678,1.0723878859678675,175.871099234061,1,0.0003939007069951865,10,66.17647971665505,3.73023196464775,0.07045992739073084,5,53.99579909661765,3.1817223067935716,0.07365670941132708,5
7.931000000000983,final_hold,6.7,0.19402105613388446,0.32581572465689757,0.14763246784684217,0.49680140403422335,0.000466007313314112,0.30174700273663935,1.417881759545828,1.1170591558044016,176.5420529282598,1,0.00039294820354575247,10,66.22715496520534,3.7146826615956887,0.0701125290590265,5,53.968051575687376,3.2050279554050247,0.0742343817737736,5
7.941000000000987,final_hold,6.7,0.1970873278867522,0.3247242542047066,0.15011448317517742,0.49515631591409753,0.0004520363078405106,0.29861957112058696,1.4145530717022285,1.1641284485371588,177.19507185108898,1,0.0003920208506711927,10,66.2714767646654,3.695760492198013,0.06970873203342659,5,53.947523740923565,3.2301888093259077,0.07484562277683257,5
7.95100000000099,final_hold,6.7,0.20009595927173235,0.32364939768056394,0.1524183180623952,0.4935725494541499,0.0004386798671311059,0.29588627855999083,1.4114744214361818,1.2134289343911386,177.81726604785305,1,0.0003911431385326879,10,66.31317065631164,3.6759636114894496,0.0692917329828274,5,53.92767090460335,3.259793934621328,0.07555939928287972,5
7.961000000000993,final_hold,6.7,0.2030465888666186,0.322608811774575,0.15455083273780176,0.4920760179962685,0.0004257663882144145,0.29352635909394537,1.4087003985991646,1.2648172213454865,178.40157543685862,1,0.00039031738721621026,10,66.35079984067131,3.6553673805325095,0.06886441816282116,5,53.907758931472245,3.2935785563617856,0.07637069833835504,5
7.971000000000997,final_hold,6.7,0.20593562832596804,0.3216160783308001,0.15652094175735726,0.4906879989359094,0.0004131043592232558,0.29152071008179237,1.4062782691325013,1.3181754219809914,178.94049156095414,1,0.0003895474659834197,10,66.38330211785772,3.634135008383282,0.06843089475142398,5,53.88780988635935,3.331289900085773,0.07727373563499154,5
7.981000000001,final_hold,6.7,0.20875648647991416,0.3206811192063047,0.1583396222775787,0.48942572381868693,0.0004004910513823828,0.289854141490673,1.4042491775675683,1.3734109179100022,179.4257974455498,1,0.0003888402981426002,10,66.40989272410064,3.6124930284293515,0.06799613883276066,5,53.86848694976017,3.372645891838369,0.07826110595476324,5
7.991000000001003,final_hold,6.7,0.2114999489632363,0.31981054501806266,0.16001988975424353,0.4883028632739015,0.0003877262205508075,0.28851660441652105,1.402648820851008,1.4304546686289388,179.84875999160926,1,0.00038820630139153325,10,66.42996694042643,3.590752952992962,0.0675665124937723,5,53.85095414879234,3.4172897142760124,0.07932286828274908,5
8.001000000001005,final_hold,6.7,0.21415468503748228,0.3190079213139289,0.1615767490968259,0.487329912676812,0.00037462888418260604,0.28750346525472426,1.4015076635823986,1.4892585688208462,180.2004117070153,1,0.00038765957747258206,10,66.44301810940686,3.5693388882918935,0.06715037542421921,5,53.836728591679396,3.464747663005924,0.08044572343176813,5
8.011000000001,final_hold,6.7,0.21670785921456412,0.31827394770709605,0.16302711923411295,0.4865144834828233,0.00036105552001583594,0.2868149581440863,1.4008507679362616,1.5497921978729885,180.4719142542265,1,0.0003872178170012436,10,66.44858393991427,3.5488144273539977,0.06675865415286712,5,53.82753710549919,3.514391514067189,0.08161230531454475,5
8.021000000000994,final_hold,6.7,0.21914355362645596,0.31760813248303027,0.16438925345889596,0.48586406761935835,0.0003465524374173718,0.28645791456203,1.400704726534434,1.6120400102685313,180.61844750136808,1,0.00038689074719169906,10,66.44437094059315,3.528943625910561,0.06638906306046853,5,53.824953731689725,3.5653048118506225,0.08279860372995385,5
8.031000000000988,final_hold,6.7,0.22144698104212607,0.3170064762975328,0.16568390911861172,0.4853823055981326,0.0003315599066902625,0.28643822278587366,1.401085198733522,1.675997464582081,180.6910134225679,1,0.0003869006790950805,10,66.43260769636191,3.5117853219439947,0.066077966899836,5,53.83081728627758,3.6163576145235488,0.08397507684333036,5
8.041000000000983,final_hold,6.7,0.2236051750724651,0.3164617150335578,0.16693329519568645,0.485069584134961,0.00031592089750397226,0.2867585054852231,1.401997328554042,1.7416654401032245,180.83823762597248,1,0.00038708429608397455,10,66.41734561438157,3.5008878016821385,0.06588805547138726,5,53.8415877701034,3.6689284012275563,0.08517877520842727,5
8.051000000000977,final_hold,6.7,0.2256049776125285,0.3159651560109362,0.1681602965497793,0.4849262556091587,0.000299975049827519,0.2874194229474591,1.4034439254581499,1.8090470672254026,180.69154495524194,1,0.00038742470523720114,10,66.38757429242573,3.491275682134215,0.06573661787136084,5,53.86929724391747,3.716841133357982,0.08624674266048785,5
8.061000000000972,final_hold,6.7,0.2274395916304431,0.3155021375921407,0.16938923267227926,0.4849443648339416,0.0002845400304326792,0.28841743310539986,1.4054035742199293,1.8781010281514572,179.89370033246652,1,0.00038793217392294263,10,66.33820365852205,3.481206222566632,0.06559580359769478,5,53.922826221128695,3.7592937337432315,0.08714523137026847,5
8.071000000000966,final_hold,6.7,0.22911346327809307,0.31504693105714926,0.17064716400726038,0.4850984274534361,0.00027091135118831013,0.28976027106576535,1.4078086945126982,1.9484664909474323,178.73477154642214,1,0.000388625247466741,10,66.27803488757009,3.4771563420403466,0.06557897250459328,5,54.00012366767318,3.7942328716100735,0.08782926347911,5
8.08100000000096,final_hold,6.7,0.23064012959137037,0.31456697092393243,0.17195905114141438,0.48535255374186886,0.0002597411321217442,0.29145564072460306,1.410563219811301,2.019616814617271,177.520284091588,1,0.00038945822730517097,10,66.21513753083303,3.4839021696774015,0.06576861235195511,5,54.09371700798569,3.820200310421427,0.08827735737445862,5
8.091000000000955,final_hold,6.7,0.23203890625490448,0.31402781833950105,0.17334316314297707,0.48566857866543384,0.00025162613056069785,0.29350174108620797,1.4135628864694378,2.091017876602443,176.28641236769755,1,0.0003903635642593488,10,66.15134309477114,3.5014478891272542,0.06616358272784681,5,54.20006143015203,3.8355908187957723,0.08845909759112364,5
8.10100000000095,final_hold,6.7,0.23333397042254111,0.3133948912646858,0.17480910239525144,0.4860078663249667,0.0002470007274914909,0.2958882455533454,1.4167007154749471,2.1621395320430183,175.07531411253473,1,0.0003915260738891589,10,66.08846684200788,3.528858074771172,0.06674496783242292,5,54.31444090913776,3.8395419461579836,0.08836374548577987,5
8.111000000000944,final_hold,6.7,0.23455291672840575,0.31263536211909787,0.17635659245193966,0.48633329243772716,0.00024602122354123226,0.29859819056848647,1.4198730152791226,2.23246784788509,173.93157275509301,1,0.0003927486560890187,10,66.02806769512217,3.5644171350387754,0.067479203531616,5,54.431562103680406,3.831994636462025,0.08800029083224958,5
8.121000000000938,final_hold,6.7,0.2357250508158148,0.3117200906524146,0.17797537478069844,0.48661119817534304,0.00024862626755570714,0.3016102964815238,1.422985200145093,2.301518192011083,172.8982712554896,1,0.0003938486187340099,10,65.96935686956776,3.5971951793723083,0.06816034273466832,5,54.54809156092669,3.8156198237822054,0.08743706045885227,5
8.131000000000933,final_hold,6.7,0.23688139689903978,0.31062712238881846,0.17964779011349902,0.4868128598582248,0.0002544923929867493,0.30489883630226,1.4259551296961606,2.3688488986891048,171.99010796679264,1,0.0003947435601347001,10,65.9166685706653,3.6388549760907654,0.06900483320447558,5,54.65621364572387,3.7869531194926935,0.08660847657778094,5
8.141000000000927,final_hold,6.7,0.23805003906564418,0.3093397270784929,0.18134656799158327,0.4869168471680097,0.0002627050546418852,0.3084345902217993,1.4287188361931336,2.4340668491817667,171.2884498458972,1,0.00039536490012479294,10,65.86862680566657,3.685903404101994,0.06994800830933866,5,54.75312038331317,3.7513897001193275,0.08564328557570709,5
8.151000000000922,final_hold,6.7,0.23925469960696982,0.30784654336654366,0.1830389426606218,0.48690839958479126,0.00027272659628753664,0.31219364464478194,1.4312324212433296,2.4968364146615034,170.7826722300256,1,0.00039568916062234394,10,65.82469086138042,3.7320490020642434,0.07087099371882219,5,54.83670142174449,3.7100590751840095,0.08457062010920055,5
8.161000000000916,final_hold,6.7,0.24051532131135492,0.30614321558703733,0.18468987985238275,0.4867800538980609,0.0002840794751185965,0.3161516901636735,1.4334707496014398,2.5568830245937995,170.4803694399541,1,0.0003957184528836344,10,65.78457045564397,3.775828856737263,0.07174609544808004,5,54.905790476992316,3.664980426337351,0.08343793055563789,5
8.17100000000091,final_hold,6.7,0.24184765285979024,0.3042318425003801,0.18626441040860264,0.4865312827941833,0.0002963372558454578,0.320282862061312,1.4354256998168213,2.6139923686587827,170.3059950086754,1,0.0003954767008033277,10,65.74712963022998,3.8099085536498896,0.07243488375609111,5,54.96098053899417,3.6165316696623386,0.08225225501336471,5
8.181000000000905,final_hold,6.7,0.24326062549281385,0.302120140523927,0.18772092255106043,0.48617457065310793,0.00030841470734542417,0.32453125523321635,1.4371085194026427,2.6679953017521743,170.0020063768648,1,0.00039497704966764724,10,65.70842283933199,3.813399368025516,0.07254396018129043,5,55.00383540712499,3.563238660476027,0.08097704992074195,5
8.1910000000009,final_hold,6.7,0.24475778639073695,0.29982323868407923,0.1890122183642697,0.4857371348523012,0.0003201441080640661,0.3287925665080414,1.438545594579892,2.718765219550285,169.78809275928373,1,0.00039426801336910256,10,65.67081184530538,3.8098260063061575,0.07251749101413216,5,55.033334628593174,3.5128161770444484,0.07978837282784165,5
